% Model:              grating_duty=1:10.mph
% Version:            COMSOL 5.3.1.180
% Date:               Sep 4 2018, 05:36
% Table:              Accumulated Probe Table 3 - 
% lambda (m)             freq                     sqrt(emw.S11*conj(emw.S11)) (1), S11Frequency, frequency     Electric field norm (V/m), normE
3.0E-4                   9.993081933333334E11     0.8492271918499857       9.993081933333334E11     910.614748584609
3.010016694490818E-4     9.959827084969496E11     0.8476008397540971       9.959827084969496E11     972.2099409574495
3.0200333889816356E-4    9.926792832614706E11     0.843601811067638        9.926792832614706E11     1396.6573040178216
3.030050083472454E-4     9.893976988539946E11     0.8557499201222649       9.893976988539946E11     3644.957760917133
3.040066777963272E-4     9.861377393849534E11     0.8409080540526325       9.861377393849534E11     1477.3131069002427
3.0500834724540897E-4    9.828991918007665E11     0.8331645811913325       9.828991918007665E11     1458.4414576484903
3.060100166944908E-4     9.79681845837425E11      0.8234471413512083       9.79681845837425E11      1576.961215340497
3.070116861435726E-4     9.764854939749863E11     0.8101645571445301       9.764854939749863E11     1782.1234878667547
3.080133555926544E-4     9.733099313929541E11     0.7911971634538644       9.733099313929541E11     2098.679318314883
3.090150250417362E-4     9.701549559265262E11     0.7628330979838743       9.701549559265262E11     2594.7457899371493
3.10016694490818E-4      9.670203680236942E11     0.7186668355439748       9.670203680236942E11     3406.688970314001
3.110183639398998E-4     9.639059707031671E11     0.6554411388835293       9.639059707031671E11     4797.425246916669
3.120200333889816E-4     9.608115695131086E11     0.6578767088418976       9.608115695131086E11     6831.370443552915
3.1302170283806343E-4    9.577369724906666E11     0.8874639212362964       9.577369724906666E11     7267.452829870738
3.140233722871452E-4     9.546819901222755E11     0.9949117944042114       9.546819901222755E11     5505.088273159079
3.15025041736227E-4      9.516464353047166E11     0.9951029730175049       9.516464353047166E11     4109.689914530018
3.1602671118530884E-4    9.486301233069203E11     0.9784133555497345       9.486301233069203E11     3283.039299907644
3.170283806343906E-4     9.456328717324908E11     0.9621294931973721       9.456328717324908E11     2781.8519535195755
3.1803005008347243E-4    9.426545004829397E11     0.9481664229997308       9.426545004829397E11     2461.3901838093852
3.1903171953255425E-4    9.396948317216117E11     0.9361247007293335       9.396948317216117E11     2248.626520460924
3.20033388981636E-4      9.367536898382891E11     0.9253986194345564       9.367536898382891E11     2108.518130590913
3.2103505843071784E-4    9.338309014144565E11     0.9154867109317413       9.338309014144565E11     2009.4872903948576
3.2203672787979966E-4    9.309262951892172E11     0.9060004157539867       9.309262951892172E11     1951.98632375196
3.2303839732888143E-4    9.2803970202584E11       0.8966288032849985       9.2803970202584E11       1918.254773030278
3.2404006677796325E-4    9.251709548789285E11     0.887103237980431        9.251709548789285E11     1904.9201550532646
3.250417362270451E-4     9.223198887621982E11     0.8771652351702953       9.223198887621982E11     1909.4160430113507
3.2604340567612684E-4    9.19486340716846E11      0.8665314590860538       9.19486340716846E11      1927.4776489542503
3.2704507512520866E-4    9.166701497805004E11     0.8548434308707582       9.166701497805004E11     1956.0480921908413
3.280467445742905E-4     9.138711569567429E11     0.8415742323716986       9.138711569567429E11     1996.8818097836975
3.2904841402337225E-4    9.110892051851853E11     0.8258160479422916       9.110892051851853E11     2054.0820643886923
3.300500834724541E-4     9.083241393120891E11     0.8056898799871947       9.083241393120891E11     2137.167402305481
3.310517529215359E-4     9.05575806061523E11      0.7762210357757857       9.05575806061523E11      2271.6979667367254
3.3205342237061766E-4    9.028440540070388E11     0.7175144732461075       9.028440540070388E11     2552.5091633867087
3.330550918196995E-4     9.001287335438597E11     0.39759101244036804      9.001287335438597E11     5081.227422393202
3.340567612687813E-4     8.974296968615692E11     0.9508955051221812       8.974296968615692E11     4665.420380340541
3.3505843071786307E-4    8.947467979172896E11     0.8541265806457987       8.947467979172896E11     2875.509046237667
3.360601001669449E-4     8.920798924093394E11     0.8105335503341818       8.920798924093394E11     2483.911527524152
3.370617696160267E-4     8.894288377513619E11     0.7788539011430016       8.894288377513619E11     2367.7581881332044
3.380634390651085E-4     8.867934930469137E11     0.7504523145533557       8.867934930469137E11     2333.4607028044347
3.390651085141903E-4     8.841737190645002E11     0.7224154083261733       8.841737190645002E11     2340.865664931075
3.400667779632721E-4     8.815693782130585E11     0.6933866718195425       8.815693782130585E11     2379.8790156808695
3.410684474123539E-4     8.78980334517866E11      0.6625678166312818       8.78980334517866E11      2429.8196632646254
3.420701168614357E-4     8.764064535968766E11     0.6294007986487721       8.764064535968766E11     2487.0676390794706
3.430717863105175E-4     8.738476026374697E11     0.5934496813453977       8.738476026374697E11     2549.8983866014796
3.440734557595993E-4     8.713036503736051E11     0.5543557100568569       8.713036503736051E11     2620.848279666119
3.450751252086811E-4     8.687744670633768E11     0.5118246971814236       8.687744670633768E11     2694.906051663284
3.4607679465776294E-4    8.66259924466956E11      0.4656312294339234       8.66259924466956E11      2769.14308188926
3.470784641068447E-4     8.637598958249159E11     0.41563261082121195      8.637598958249159E11     2842.2699610027844
3.4808013355592653E-4    8.612742558369305E11     0.3617881141657769       8.612742558369305E11     2912.8427799445885
3.490818030050083E-4     8.588028806408418E11     0.3041795674098353       8.588028806408418E11     2979.301101288965
3.500834724540901E-4     8.56345647792084E11      0.2430290201208641       8.56345647792084E11      3040.0349465077447
3.5108514190317194E-4    8.539024362434618E11     0.17870939022063193      8.539024362434618E11     3093.479237729723
3.5208681135225376E-4    8.514731263252727E11     0.11174796850075985      8.514731263252727E11     3138.228804525715
3.5308848080133553E-4    8.490575997257683E11     0.04288307037109294      8.490575997257683E11     3178.893246296586
3.5409015025041735E-4    8.466557394719471E11     0.028065556708688863     8.466557394719471E11     3211.407221893085
3.550918196994991E-4     8.442674299106725E11     0.09863080004900246      8.442674299106725E11     3234.9126424176407
3.5609348914858094E-4    8.418925566901079E11     0.16921169268575767      8.418925566901079E11     3251.5245899604924
3.5709515859766276E-4    8.39531006741468E11      0.23894981710098404      8.39531006741468E11      3272.6484274733007
3.580968280467446E-4     8.371826682610723E11     0.3073211045132859       8.371826682610723E11     3295.230619702181
3.5909849749582635E-4    8.34847430692701E11      0.374020590894576        8.34847430692701E11      3330.4943576414057
3.6010016694490817E-4    8.325251847102457E11     0.43900604366882706      8.325251847102457E11     3390.0320619347144
3.6110183639398994E-4    8.302158222006473E11     0.5025593563518544       8.302158222006473E11     3484.193058433178
3.6210350584307176E-4    8.279192362471185E11     0.5653816932965389       8.279192362471185E11     3637.9730050831563
3.631051752921536E-4     8.256353211126437E11     0.6287646205943895       8.256353211126437E11     3877.5334169040034
3.641068447412354E-4     8.233639722237505E11     0.6949141197495396       8.233639722237505E11     4261.477105043092
3.6510851419031717E-4    8.211050861545496E11     0.7675266765991272       8.211050861545496E11     4885.516154735131
3.66110183639399E-4      8.188585606110352E11     0.852317693802235        8.188585606110352E11     5969.047124420005
3.6711185308848076E-4    8.166242944156436E11     0.951628867106997        8.166242944156436E11     7982.412976605695
3.681135225375626E-4     8.144021874920636E11     0.9851676489494632       8.144021874920636E11     11468.9374246443
3.691151919866444E-4     8.121921408502941E11     0.5330537876200565       8.121921408502941E11     12070.594535713886
3.701168614357262E-4     8.099940565719441E11     0.13148343110493654      8.099940565719441E11     8088.011682458239
3.71118530884808E-4      8.078078377957715E11     0.3425213614579192       8.078078377957715E11     5622.633657802347
3.721202003338898E-4     8.056333887034545E11     0.47513693804184964      8.056333887034545E11     4328.123384319023
3.731218697829716E-4     8.034706145055929E11     0.5576340980393119       8.034706145055929E11     3532.6705864551136
3.741235392320534E-4     8.01319421427934E11      0.6149751010704817       8.01319421427934E11      2998.2721078149425
3.751252086811352E-4     7.991797166978192E11     0.6580922492478336       7.991797166978192E11     2614.095144194871
3.7612687813021704E-4    7.970514085308477E11     0.6923263625583026       7.970514085308477E11     2323.420815464318
3.771285475792988E-4     7.949344061177512E11     0.7205812547782423       7.949344061177512E11     2213.489268087843
3.7813021702838063E-4    7.928286196114791E11     0.7445808570078577       7.928286196114791E11     2180.8274019305622
3.791318864774624E-4     7.90733960114487E11      0.7654252462300418       7.90733960114487E11      2152.1991782732302
3.801335559265442E-4     7.886503396662275E11     0.7838603144209385       7.886503396662275E11     2127.7199364234625
3.8113522537562604E-4    7.865776712308367E11     0.8004191477883086       7.865776712308367E11     2107.520378730525
3.8213689482470786E-4    7.845158686850153E11     0.815501287804517        7.845158686850153E11     2091.780011578273
3.8313856427378963E-4    7.824648468061002E11     0.8294199363303886       7.824648468061002E11     2080.7521625392433
3.8414023372287145E-4    7.804245212603215E11     0.842431762310846        7.804245212603215E11     2074.7891087115427
3.851419031719532E-4     7.78394808591244E11      0.8547569171085996       7.78394808591244E11      2074.37250787606
3.8614357262103504E-4    7.763756262083875E11     0.8665934363061772       7.763756262083875E11     2080.153756331584
3.8714524207011686E-4    7.743668923760242E11     0.8781284327037088       7.743668923760242E11     2093.0098360561365
3.881469115191987E-4     7.723685262021504E11     0.8895474693108376       7.723685262021504E11     2114.122403930465
3.8914858096828045E-4    7.703804476276277E11     0.9010427351935945       7.703804476276277E11     2145.0914961555804
3.9015025041736227E-4    7.6840257741549E11       0.9128196528310442       7.6840257741549E11       2188.1005551013304
3.9115191986644404E-4    7.664348371404183E11     0.9250994686299169       7.664348371404183E11     2246.1561807655735
3.9215358931552586E-4    7.644771491783738E11     0.9381100973287694       7.644771491783738E11     2326.6669398519475
3.931552587646077E-4     7.625294366963906E11     0.9520431296457021       7.625294366963906E11     2447.656566480325
3.941569282136895E-4     7.605916236425243E11     0.9669144747600833       7.605916236425243E11     2624.746978796685
3.9515859766277127E-4    7.586636347359528E11     0.982150294495181        7.586636347359528E11     2872.7374915748514
3.961602671118531E-4     7.567453954572272E11     0.9953992298728634       7.567453954572272E11     3232.322798723373
3.9716193656093486E-4    7.548368320386718E11     0.9993733054599544       7.548368320386718E11     3706.5485683117163
3.981636060100167E-4     7.529378714549268E11     0.9757785369303298       7.529378714549268E11     4253.642589723239
3.991652754590985E-4     7.510484414136344E11     0.8979910350997002       7.510484414136344E11     4631.627811643414
4.001669449081803E-4     7.491684703462661E11     0.7803597835922248       7.491684703462661E11     4489.472592953547
4.011686143572621E-4     7.472978873990845E11     0.7005984613044172       7.472978873990845E11     3902.8499075635254
4.021702838063439E-4     7.454366224242424E11     0.6848078500025531       7.454366224242424E11     3244.536222750277
4.031719532554257E-4     7.435846059710145E11     0.7003255537048607       7.435846059710145E11     2696.082568485915
4.041736227045075E-4     7.417417692771582E11     0.7228912194669912       7.417417692771582E11     2282.896179756573
4.051752921535893E-4     7.399080442604038E11     0.7441390207844507       7.399080442604038E11     1985.930883310388
4.0617696160267114E-4    7.380833635100698E11     0.762245682790342        7.380833635100698E11     1762.1883429901216
4.071786310517529E-4     7.362676602788029E11     0.7772951302873241       7.362676602788029E11     1589.7079019212367
4.0818030050083473E-4    7.344608684744376E11     0.7897880453018219       7.344608684744376E11     1454.4112905062134
4.091819699499165E-4     7.326629226519789E11     0.800229352219422        7.326629226519789E11     1346.5446749011785
4.101836393989983E-4     7.30873758005698E11      0.8090359524706994       7.30873758005698E11      1259.2932683353872
4.1118530884808014E-4    7.290933103613479E11     0.8165327232466258       7.290933103613479E11     1187.8177600057456
4.1218697829716196E-4    7.273215161684891E11     0.822968835165391        7.273215161684891E11     1128.6183041538127
4.1318864774624373E-4    7.255583124929293E11     0.828535422646224        7.255583124929293E11     1079.1177784460867
4.1419031719532555E-4    7.238036370092705E11     0.8333801139414442       7.238036370092705E11     1037.3862238940953
4.151919866444073E-4     7.220574279935665E11     0.837618040761999        7.220574279935665E11     1001.9558149959613
4.1619365609348914E-4    7.203196243160851E11     0.841339948050666        7.203196243160851E11     971.6944293623311
4.1719532554257096E-4    7.185901654341736E11     0.8446181239460667       7.185901654341736E11     945.7797242842103
4.1819699499165273E-4    7.168689913852296E11     0.8475107448780151       7.168689913852296E11     926.129081927121
4.1919866444073455E-4    7.151560427797689E11     0.8500650804455625       7.151560427797689E11     911.0834756940498
4.2020033388981637E-4    7.134512607945967E11     0.8523198780473962       7.134512607945967E11     902.5471969925735
4.2120200333889814E-4    7.117545871660721E11     0.8543071544274123       7.117545871660721E11     901.7157785215493
4.2220367278797996E-4    7.100659641834717E11     0.8560535550586027       7.100659641834717E11     909.2838887760456
4.232053422370618E-4     7.083853346824458E11     0.8575813957699724       7.083853346824458E11     918.2359871744987
4.242070116861436E-4     7.067126420385675E11     0.8589094684835183       7.067126420385675E11     927.0445192227054
4.2520868113522537E-4    7.050478301609738E11     0.8600536701208191       7.050478301609738E11     935.750441657203
4.2621035058430714E-4    7.033908434860948E11     0.8610274976617623       7.033908434860948E11     944.392832387271
4.2721202003338896E-4    7.017416269714733E11     0.8618424409229932       7.017416269714733E11     953.0085891977914
4.282136894824708E-4     7.001001260896686E11     0.8625082964499392       7.001001260896686E11     961.6323689802999
4.292153589315526E-4     6.98466286822248E11      0.8630334200118025       6.98466286822248E11      970.296668236497
4.302170283806344E-4     6.968400556538611E11     0.8634249308858875       6.968400556538611E11     979.0319833174307
4.312186978297162E-4     6.952213795663956E11     0.8636888779522823       6.952213795663956E11     987.8670124924365
4.3222036727879796E-4    6.936102060332175E11     0.8638303752708113       6.936102060332175E11     996.828876835324
4.332220367278798E-4     6.920064830134875E11     0.8638537130531645       6.920064830134875E11     1005.9433463482388
4.342237061769616E-4     6.904101589465591E11     0.8637624486136717       6.904101589465591E11     1015.235063729633
4.352253756260434E-4     6.888211827464518E11     0.8635594808675389       6.888211827464518E11     1024.7277620169973
4.3622704507512524E-4    6.872395037964025E11     0.8632471111643187       6.872395037964025E11     1034.4444747712298
4.37228714524207E-4      6.856650719434899E11     0.8628270926348329       6.856650719434899E11     1044.4077390546483
4.382303839732888E-4     6.840978374933334E11     0.8623006697489518       6.840978374933334E11     1054.639792501844
4.392320534223706E-4     6.825377512048651E11     0.861668609396184        6.825377512048651E11     1065.1627665120986
4.402337228714524E-4     6.809847642851726E11     0.8609312244842761       6.809847642851726E11     1075.998878160877
4.4123539232053424E-4    6.794388283844116E11     0.8600883907859682       6.794388283844116E11     1087.1706239285497
4.4223706176961606E-4    6.77899895590789E11      0.8591395575315242       6.77899895590789E11      1098.7009788654846
4.4323873121869783E-4    6.76367918425612E11      0.8580837520337727       6.76367918425612E11      1110.6136054251751
4.442404006677796E-4     6.748428498384066E11     0.8569195784283404       6.748428498384066E11     1122.9330769660512
4.452420701168614E-4     6.733246432020997E11     0.8556452104034924       6.733246432020997E11     1135.6851219279336
4.4624373956594324E-4    6.718132523082678E11     0.8542583775665298       6.718132523082678E11     1148.8968960412844
4.4724540901502506E-4    6.703086313624486E11     0.852756344830512        6.703086313624486E11     1162.597291734274
4.482470784641069E-4     6.688107349795159E11     0.8511358838851475       6.688107349795159E11     1176.8172963768134
4.4924874791318865E-4    6.673195181791156E11     0.8493932354088095       6.673195181791156E11     1191.590414376481
4.502504173622704E-4     6.658349363811643E11     0.8475240601445293       6.658349363811643E11     1206.9531728122254
4.5125208681135224E-4    6.643569454014059E11     0.8455233762414693       6.643569454014059E11     1222.9457368084798
4.5225375626043406E-4    6.628855014470284E11     0.8433854792661065       6.628855014470284E11     1239.6126700427058
4.532554257095159E-4     6.614205611123389E11     0.8411038398799882       6.614205611123389E11     1257.0038889184018
4.542570951585977E-4     6.599620813744946E11     0.8386709721569527       6.599620813744946E11     1275.175877981449
4.5525876460767947E-4    6.585100195892922E11     0.836078262543017        6.585100195892922E11     1294.193262190302
4.5626043405676124E-4    6.570643334870107E11     0.8333157450224853       6.570643334870107E11     1314.1308736638741
4.5726210350584306E-4    6.556249811683096E11     0.8303718012728756       6.556249811683096E11     1335.0765146774118
4.582637729549249E-4     6.541919211001823E11     0.8272327540063982       6.541919211001823E11     1357.1347187303595
4.592654424040067E-4     6.527651121119592E11     0.8238823047589209       6.527651121119592E11     1380.4319713036246
4.6026711185308847E-4    6.513445133913674E11     0.8203007395546036       6.513445133913674E11     1405.1241138131916
4.612687813021703E-4     6.49930084480637E11      0.816463778734783        6.49930084480637E11      1431.4070964005994
4.6227045075125206E-4    6.485217852726617E11     0.8123408646566254       6.485217852726617E11     1459.5330166838442
4.632721202003339E-4     6.471195760072073E11     0.8078925306078172       6.471195760072073E11     1489.834779655155
4.642737896494157E-4     6.457234172671702E11     0.8030662081258073       6.457234172671702E11     1522.7653599783291
4.652754590984975E-4     6.443332699748834E11     0.7977892564786916       6.443332699748834E11     1558.9629157603745
4.662771285475793E-4     6.429490953884713E11     0.7919567767812472       6.429490953884713E11     1599.3641348585743
4.672787979966611E-4     6.415708550982493E11     0.7854089745056178       6.415708550982493E11     1645.4134645036252
4.682804674457429E-4     6.40198511023173E11      0.7778858167602533       6.40198511023173E11      1699.4784966987077
4.692821368948247E-4     6.388320254073284E11     0.7689270167237328       6.388320254073284E11     1765.7550939142318
4.702838063439065E-4     6.374713608164713E11     0.757621074240016        6.374713608164713E11     1852.5000115018074
4.7128547579298834E-4    6.361164801346085E11     0.7418489787101181       6.361164801346085E11     1978.5912782392252
4.722871452420701E-4     6.347673465606221E11     0.715246572847392        6.347673465606221E11     2285.87691744628
4.7328881469115193E-4    6.334239236049382E11     0.6461309809857295       6.334239236049382E11     3946.3412142527504
4.742904841402337E-4     6.320861750862372E11     0.5206991417951642       6.320861750862372E11     18522.983254751136
4.752921535893155E-4     6.307540651282051E11     0.8685900070335838       6.307540651282051E11     4163.5190764253775
4.7629382303839734E-4    6.294275581563267E11     0.8093208137630784       6.294275581563267E11     2589.50668369987
4.7729549248747916E-4    6.281066188947184E11     0.7829111812870666       6.281066188947184E11     2151.4628692057227
4.782971619365609E-4     6.267912123630017E11     0.7652562757039897       6.267912123630017E11     1968.5624646258275
4.7929883138564275E-4    6.254813038732148E11     0.7509164487288627       6.254813038732148E11     1882.2130333975597
4.803005008347245E-4     6.24176859026764E11      0.7379846811924446       6.24176859026764E11      1857.695931470598
4.8130217028380634E-4    6.228778437114116E11     0.7256039068172782       6.228778437114116E11     1860.329920933471
4.8230383973288816E-4    6.21584224098304E11      0.7133166828552168       6.21584224098304E11      1884.4431608527032
4.8330550918197E-4       6.202959666390327E11     0.7008428495371166       6.202959666390327E11     1926.0590393979066
4.8430717863105175E-4    6.19013038062737E11      0.6879889416626834       6.19013038062737E11      1980.9472401023288
4.8530884808013357E-4    6.177354053732369E11     0.6746062571116413       6.177354053732369E11     2044.965420147865
4.8631051752921534E-4    6.164630358462068E11     0.6605693885553822       6.164630358462068E11     2111.3969760431846
4.8731218697829716E-4    6.151958970263789E11     0.6457642397933857       6.151958970263789E11     2179.2780029778082
4.88313856427379E-4      6.139339567247863E11     0.6300807788446525       6.139339567247863E11     2249.0921411125214
4.893155258764608E-4     6.126771830160354E11     0.6134082986073816       6.126771830160354E11     2321.2476275521017
4.903171953255425E-4     6.114255442356146E11     0.5956320693745288       6.114255442356146E11     2396.1020556352987
4.913188647746244E-4     6.10179008977234E11      0.5766307994659496       6.10179008977234E11      2473.9772219389242
4.923205342237062E-4     6.089375460902001E11     0.5562745945510835       6.089375460902001E11     2555.1674209547164
4.93322203672788E-4      6.07701124676819E11      0.5344232612248775       6.07701124676819E11      2639.9429623840624
4.943238731218698E-4     6.064697140898345E11     0.5109249000974644       6.064697140898345E11     2728.549770277456
4.953255425709516E-4     6.052432839298955E11     0.48561481069706125      6.052432839298955E11     2821.205349086878
4.963272120200334E-4     6.040218040430541E11     0.458314804121051        6.040218040430541E11     2918.091007121115
4.973288814691152E-4     6.028052445182948E11     0.4288331041884515       6.028052445182948E11     3019.3399332256417
4.98330550918197E-4      6.015935756850922E11     0.3969651297392045       6.015935756850922E11     3125.020494199729
4.993322203672788E-4     6.003867681109996E11     0.36249561554546916      6.003867681109996E11     3235.113957149343
5.003338898163606E-4     5.99184792599266E11      0.32520280508204125      5.99184792599266E11      3349.48577086728
5.013355592654424E-4     5.979876201864801E11     0.28486600019844577      5.979876201864801E11     3467.8496247737585
5.023372287145242E-4     5.96795222140246E11      0.24127914682641732      5.96795222140246E11      3589.7238443621764
5.033388981636061E-4     5.956075699568821E11     0.1942777315720775       5.956075699568821E11     3714.3804242467113
5.043405676126878E-4     5.944246353591526E11     0.14380675750357022      5.944246353591526E11     3840.7883283333827
5.053422370617696E-4     5.932463902940205E11     0.09019662548469702      5.932463902940205E11     3967.554792758086
5.063439065108514E-4     5.920728069304319E11     0.03696801482920587      5.920728069304319E11     4092.8713703809512
5.073455759599333E-4     5.90903857657124E11      0.04168321816589388      5.90903857657124E11      4214.475253642868
5.083472454090151E-4     5.897395150804597E11     0.1031549168337673       5.897395150804597E11     4329.640457603317
5.093489148580968E-4     5.885797520222878E11     0.17141220055254006      5.885797520222878E11     4435.21649829862
5.103505843071786E-4     5.87424541517828E11      0.24294302227351974      5.87424541517828E11      4527.732230208365
5.113522537562604E-4     5.862738568135814E11     0.31652634276801245      5.862738568135814E11     4603.577010716638
5.123539232053423E-4     5.851276713652655E11     0.39102527955203936      5.851276713652655E11     4659.258429073229
5.133555926544241E-4     5.839859588357723E11     0.46520273324566647      5.839859588357723E11     4691.715911314382
5.143572621035058E-4     5.828486930931516E11     0.5377423461789729       5.828486930931516E11     4698.647049172525
5.153589315525877E-4     5.817158482086167E11     0.6073262390172299       5.817158482086167E11     4678.786967152841
5.163606010016694E-4     5.805873984545748E11     0.6727320965834517       5.805873984545748E11     4633.743126047564
5.173622704507513E-4     5.794633183026783E11     0.7329258046873293       5.794633183026783E11     4568.458058013532
5.183639398998331E-4     5.783435824219001E11     0.7871306945888666       5.783435824219001E11     4484.792788486658
5.193656093489149E-4     5.772281656766312E11     0.8348617472616321       5.772281656766312E11     4385.526625353939
5.203672787979967E-4     5.761170431247994E11     0.8759225560097371       5.761170431247994E11     4275.984337664911
5.213689482470784E-4     5.750101900160103E11     0.9103714071923099       5.750101900160103E11     4160.252788302668
5.223706176961603E-4     5.739075817897092E11     0.9384679206401385       5.739075817897092E11     4035.7890218307334
5.233722871452421E-4     5.728091940733652E11     0.9606125648625604       5.728091940733652E11     3920.150636430486
5.243739565943239E-4     5.717150026806749E11     0.9772890433321975       5.717150026806749E11     3801.716740000301
5.253756260434057E-4     5.706249836097871E11     0.9890158002414782       5.706249836097871E11     3688.442821586971
5.263772954924874E-4     5.695391130415479E11     0.9963092511094204       5.695391130415479E11     3583.525399943173
5.273789649415693E-4     5.684573673377651E11     0.9996586513166944       5.684573673377651E11     3484.7505968671876
5.283806343906511E-4     5.673797230394945E11     0.9995109665973422       5.673797230394945E11     3394.588346506017
5.293823038397329E-4     5.663061568653422E11     0.996263505493028        5.663061568653422E11     3312.885759891993
5.303839732888147E-4     5.652366457097891E11     0.9902620857400287       5.652366457097891E11     3240.3033520549893
5.313856427378965E-4     5.641711666415331E11     0.9818028342267957       5.641711666415331E11     3176.3575583506827
5.323873121869784E-4     5.631096969018501E11     0.9711361527673813       5.631096969018501E11     3121.678957418535
5.333889816360601E-4     5.620522139029734E11     0.9584717987841557       5.620522139029734E11     3074.6280130573473
5.343906510851419E-4     5.609986952264918E11     0.9439843769587879       5.609986952264918E11     3033.256232081008
5.353923205342237E-4     5.599491186217649E11     0.9278188013705777       5.599491186217649E11     3003.3913608002345
5.363939899833055E-4     5.589034620043573E11     0.9100954744333059       5.589034620043573E11     2977.705228308099
5.373956594323874E-4     5.578617034544889E11     0.8909150537210965       5.578617034544889E11     2955.1041591873977
5.383973288814691E-4     5.568238212155039E11     0.8703627562073157       5.568238212155039E11     2943.460413668738
5.393989983305509E-4     5.557897936923553E11     0.8485121952076451       5.557897936923553E11     2932.84009047212
5.404006677796327E-4     5.547595994501082E11     0.8254287691920849       5.547595994501082E11     2926.0833444739783
5.414023372287145E-4     5.537332172124575E11     0.8011726316056158       5.537332172124575E11     2924.3748070682204
5.424040066777964E-4     5.527106258602646E11     0.7758012726096774       5.527106258602646E11     2922.687684675308
5.434056761268782E-4     5.516918044301074E11     0.7493717412035511       5.516918044301074E11     2926.0695066826465
5.4440734557596E-4       5.506767321128488E11     0.7219425322433165       5.506767321128488E11     2929.1029997090377
5.454090150250417E-4     5.496653882522192E11     0.6935751593429028       5.496653882522192E11     2934.174892551358
5.464106844741235E-4     5.4865775234341583E11    0.6643354328549426       5.4865775234341583E11    2939.5239704413902
5.474123539232054E-4     5.47653804031717E11      0.6342944630822315       5.47653804031717E11      2944.159614775878
5.484140233722872E-4     5.466535231111111E11     0.6035294133839506       5.466535231111111E11     2946.853756323508
5.49415692821369E-4      5.4565688952294135E11    0.572124036753183        5.4565688952294135E11    2947.5246529238066
5.504173622704507E-4     5.446638833545648E11     0.5401690438412904       5.446638833545648E11     2946.104430537617
5.514190317195326E-4     5.4367448483802594E11    0.5077623720236455       5.4367448483802594E11    2942.541173712186
5.524207011686144E-4     5.426886743487458E11     0.4750094569914022       5.426886743487458E11     2936.8005683799825
5.534223706176962E-4     5.417064324042232E11     0.44202365608174626      5.417064324042232E11     2928.867058338498
5.54424040066778E-4      5.4072773966275214E11    0.4089270464200162       5.4072773966275214E11    2918.7444904941613
5.554257095158597E-4     5.397525769221521E11     0.3758519400984428       5.397525769221521E11     2906.456241061069
5.564273789649416E-4     5.387809251185118E11     0.3429436590719588       5.387809251185118E11     2892.0448339435206
5.574290484140234E-4     5.3781276532494763E11    0.3103654624757732       5.3781276532494763E11    2875.571081832586
5.584307178631052E-4     5.3684807875037366E11    0.278307148912174        5.3684807875037366E11    2857.1127985651087
5.59432387312187E-4      5.3588684673828705E11    0.24700001186915665      5.3588684673828705E11    2836.763146513457
5.604340567612688E-4     5.3492905076556445E11    0.21674294707005598      5.3492905076556445E11    2814.6286942330694
5.614357262103506E-4     5.3397467244127264E11    0.18794823131644023      5.3397467244127264E11    2790.827266391216
5.624373956594324E-4     5.330236935054913E11     0.16122091815697134      5.330236935054913E11     2765.4856702027314
5.634390651085143E-4     5.320760958281481E11     0.13748792242467597      5.320760958281481E11     2738.7373801028857
5.64440734557596E-4      5.311318614078675E11     0.11816264487984711      5.311318614078675E11     2710.7202560090727
5.654424040066778E-4     5.301909723708296E11     0.10517759301977289      5.301909723708296E11     2681.574360997549
5.664440734557596E-4     5.292534109696434E11     0.1004159480068571       5.292534109696434E11     2651.4399325471445
5.674457429048413E-4     5.2831915958223016E11    0.10439383143644017      5.2831915958223016E11    2620.4555487290836
5.684474123539233E-4     5.273882007107195E11     0.11564427711566795      5.273882007107195E11     2588.756517770479
5.69449081803005E-4      5.264605169803577E11     0.13181122769467538      5.264605169803577E11     2556.47350710286
5.704507512520868E-4     5.255360911384255E11     0.1508758044861921       5.255360911384255E11     2523.731416923369
5.714524207011686E-4     5.2461490605316974E11    0.17148328115206857      5.2461490605316974E11    2490.6484938898975
5.724540901502505E-4     5.236969447127442E11     0.19279847917193382      5.236969447127442E11     2457.3356730001597
5.734557595993323E-4     5.2278219022416296E11    0.21431327771724726      5.2278219022416296E11    2423.896130064281
5.74457429048414E-4      5.218706258122639E11     0.2357144130742224       5.218706258122639E11     2390.4250233346497
5.754590984974959E-4     5.2096223481868286E11    0.2568052005491818       5.2096223481868286E11    2357.0094006688414
5.764607679465776E-4     5.2005700070083984E11    0.27746055182570634      5.2005700070083984E11    2323.7282477729655
5.774624373956595E-4     5.191549070309338E11     0.29760081928243387      5.191549070309338E11     2290.652653372824
5.784641068447413E-4     5.1825593749494946E11    0.3171761620107174       5.1825593749494946E11    2257.846068322471
5.79465776293823E-4      5.173600758916739E11     0.3361568865094457       5.173600758916739E11     2225.3646373946826
5.804674457429049E-4     5.1646730613172266E11    0.35452727150679814      5.1646730613172266E11    2193.2575846387303
5.814691151919866E-4     5.155776122365777E11     0.372281487293704        5.155776122365777E11     2161.5676355110136
5.824707846410685E-4     5.146909783376325E11     0.38942081425906827      5.146909783376325E11     2130.33146136669
5.834724540901503E-4     5.138073886752503E11     0.40595169263701764      5.138073886752503E11     2099.580134210809
5.844741235392321E-4     5.1292682759782916E11    0.4218843202404251       5.1292682759782916E11    2069.339581795212
5.854757929883139E-4     5.1204927956087823E11    0.43723162196009496      5.1204927956087823E11    2039.631035142044
5.864774624373956E-4     5.11174729126103E11      0.45200847839720965      5.11174729126103E11      2010.4714623440175
5.874791318864776E-4     5.1030316096050006E11    0.46623113972394464      5.1030316096050006E11    1981.873984053529
5.884808013355593E-4     5.09434559835461E11      0.4799167750384685       5.09434559835461E11      1953.848267394255
5.894824707846411E-4     5.08568910625885E11      0.49308312290792056      5.08568910625885E11      1926.4008961412894
5.904841402337229E-4     5.0770619830930164E11    0.505748218875915        5.0770619830930164E11    1899.535715938134
5.914858096828046E-4     5.0684640796500146E11    0.5179301824372647       5.0684640796500146E11    1873.2541540526345
5.924874791318866E-4     5.059895247731755E11     0.5296470505780759       5.059895247731755E11     1847.5555137561191
5.934891485809683E-4     5.0513553401406476E11    0.5409166481749178       5.0513553401406476E11    1822.4372438652172
5.944908180300501E-4     5.04284421067116E11      0.5517564878263709       5.04284421067116E11      1797.8951843182017
5.954924874791319E-4     5.0343617141014856E11    0.5621836933427659       5.0343617141014856E11    1773.9237888886416
5.964941569282137E-4     5.025907706185278E11     0.5722149423411926       5.025907706185278E11     1750.516326317244
5.974958263772956E-4     5.0174820436434753E11    0.5818664243182575       5.0174820436434753E11    1727.6650612225862
5.984974958263773E-4     5.0090845841562067E11    0.5911538112768503       5.0090845841562067E11    1705.3614162140962
5.994991652754592E-4     5.0007151863547754E11    0.6000922385351759       5.0007151863547754E11    1683.5961166285351
6.005008347245409E-4     4.9923737098137335E11    0.6086962937801307       4.9923737098137335E11    1662.3593192970066
6.015025041736227E-4     4.9840600150430194E11    0.6169800127739967       4.9840600150430194E11    1641.6407267029163
6.025041736227046E-4     4.975773963480188E11     0.6249568804026253       4.975773963480188E11     1621.42968783645
6.035058430717863E-4     4.967515417482711E11     0.6326398359830738       4.967515417482711E11     1601.715286972821
6.045075125208682E-4     4.9592842403203534E11    0.6400412819333755       4.9592842403203534E11    1582.4864215390744
6.055091819699499E-4     4.951080296167632E11     0.6471730950627687       4.951080296167632E11     1563.7318701432123
6.065108514190317E-4     4.942903450096339E11     0.6540466398688972       4.942903450096339E11     1545.4403517624469
6.075125208681136E-4     4.93475356806815E11      0.6606727833324384       4.93475356806815E11      1527.6005770168924
6.085141903171954E-4     4.9266305169272974E11    0.6670619107928087       4.9266305169272974E11    1510.201292358472
6.095158597662772E-4     4.9185341643933167E11    0.6732239425572338       4.9185341643933167E11    1493.2313179556818
6.105175292153589E-4     4.9104643790538696E11    0.6791683509632808       4.9104643790538696E11    1476.6795799626202
6.115191986644408E-4     4.9024210303576294E11    0.6849041776620544       4.9024210303576294E11    1460.535137812122
6.125208681135226E-4     4.89440398860725E11      0.6904400509367301       4.89440398860725E11      1444.7872070982176
6.135225375626044E-4     4.886413124952381E11     0.6957842029050889       4.886413124952381E11     1429.4251785680228
6.145242070116862E-4     4.8784483113827765E11    0.7009444864865793       4.8784483113827765E11    1414.4386336835496
6.155258764607679E-4     4.870509420721454E11     0.7059283920395278       4.870509420721454E11     1399.8173571676052
6.165275459098498E-4     4.8625963266179254E11    0.7107430635957055       4.8625963266179254E11    1385.5513469081318
6.175292153589316E-4     4.854708903541498E11     0.7153953146366329       4.854708903541498E11     1371.6308215495624
6.185308848080134E-4     4.846847026774629E11     0.7198916433716256       4.846847026774629E11     1358.0462260701427
6.195325542570952E-4     4.839010572406359E11     0.7242382474888664       4.839010572406359E11     1344.7882356052307
6.205342237061769E-4     4.831199417325801E11     0.7284410383615219       4.831199417325801E11     1331.8477577549095
6.215358931552588E-4     4.8234134392156854E11    0.7325056546986174       4.8234134392156854E11    1319.2159335771526
6.225375626043405E-4     4.815652516545991E11     0.7364374756370827       4.815652516545991E11     1306.8841374602873
6.235392320534224E-4     4.807916528567604E11     0.7402416332778042       4.807916528567604E11     1294.8439760251902
6.245409015025042E-4     4.8002053553060675E11    0.7439230246709057       4.8002053553060675E11    1283.0872862115298
6.25542570951586E-4      4.792518877555377E11     0.7474863232609148       4.792518877555377E11     1271.6061326682393
6.265442404006678E-4     4.784856976871836E11     0.750935989803856        4.784856976871836E11     1260.392804563302
6.275459098497495E-4     4.77721953556797E11      0.7542762827707318       4.77721953556797E11      1249.4398119072753
6.285475792988315E-4     4.769606436706507E11     0.7575112682534949       4.769606436706507E11     1238.739881480819
6.295492487479132E-4     4.762017564094404E11     0.7606448293904049       4.762017564094404E11     1228.2859524368216
6.30550918196995E-4      4.75445280227694E11      0.763680675328867        4.75445280227694E11      1218.071171646551
6.315525876460768E-4     4.7469120365318524E11    0.7666223497431519       4.7469120365318524E11    1208.08888884416
6.325542570951585E-4     4.739395152863553E11     0.7694732389266838       4.739395152863553E11     1198.3326516219397
6.335559265442405E-4     4.7319020379973645E11    0.7722365794755764       4.7319020379973645E11    1188.7962003171554
6.345575959933222E-4     4.7244325793738495E11    0.7749154655832063       4.7244325793738495E11    1179.473462828372
6.35559265442404E-4      4.7169866651431573E11    0.777512855962436        4.7169866651431573E11    1170.3585493951502
6.365609348914858E-4     4.709564184159455E11     0.7800315804138499       4.709564184159455E11     1161.4457473652199
6.375626043405677E-4     4.7021650259753864E11    0.7824743460563675       4.7021650259753864E11    1152.7295159756418
6.385642737896495E-4     4.694789080836601E11     0.7848437432373974       4.694789080836601E11     1144.2044811662133
6.395659432387312E-4     4.6874362396763245E11    0.7871422511376523       4.6874362396763245E11    1135.8654304436557
6.405676126878131E-4     4.680106394109981E11     0.7893722430867902       4.680106394109981E11     1127.7073078065105
6.415692821368948E-4     4.6727994364298724E11    0.7915359916040251       4.6727994364298724E11    1119.7252087489126
6.425709515859767E-4     4.6655152595998956E11    0.7936356731781311       4.6655152595998956E11    1111.9143753470967
6.435726210350585E-4     4.658253757250324E11     0.7956733728001784       4.658253757250324E11     1104.270191438293
6.445742904841402E-4     4.651014823672624E11     0.797651088262012        4.651014823672624E11     1096.7881778997307
6.455759599332221E-4     4.6437983538143256E11    0.7995707342327228       4.6437983538143256E11    1089.4639880295078
6.465776293823038E-4     4.6366042432739484E11    0.8014341461246886       4.6366042432739484E11    1082.2934030357126
6.475792988313856E-4     4.629432388295952E11     0.8032430837606017       4.629432388295952E11     1075.2723276324066
6.485809682804675E-4     4.622282685765766E11     0.8049992348516938       4.622282685765766E11     1068.396785750223
6.495826377295493E-4     4.6151550332048315E11    0.8067042182972893       4.6151550332048315E11    1061.6629163545265
6.505843071786311E-4     4.6080493287657166E11    0.808359587315668        4.6080493287657166E11    1055.066969376557
6.515859766277128E-4     4.600965471227261E11     0.8099668324141789       4.600965471227261E11     1048.6053017567733
6.525876460767948E-4     4.593903359989767E11     0.8115273842083476       4.593903359989767E11     1042.2743735959964
6.535893155258765E-4     4.586862895070243E11     0.8130426160972845       4.586862895070243E11     1036.0707444156214
6.545909849749583E-4     4.579843977097679E11     0.8145138468031302       4.579843977097679E11     1029.9910695250137
6.555926544240401E-4     4.5728465073083777E11    0.8159423427819192       4.5728465073083777E11    1024.032096491683
6.565943238731218E-4     4.565870387541317E11     0.8173293205128199       4.565870387541317E11     1018.190661715684
6.575959933222038E-4     4.558915520233561E11     0.818675948671682        4.558915520233561E11     1012.4636871007106
6.585976627712855E-4     4.5519818084157166E11    0.8199833501955918       4.5519818084157166E11    1006.8481768236051
6.595993322203673E-4     4.545069155707416E11     0.8212526042436381       4.545069155707416E11     1001.3412141968025
6.606010016694491E-4     4.538177466312863E11     0.8224847480598391       4.538177466312863E11     995.9399586198899
6.616026711185309E-4     4.5313066450164014E11    0.8236807787428629       4.5313066450164014E11    990.6416426221983
6.626043405676128E-4     4.52445659717813E11      0.8248416549277081       4.52445659717813E11      985.4435689845712
6.636060100166945E-4     4.51762722872956E11      0.8259682983838149       4.51762722872956E11      980.343107945508
6.646076794657764E-4     4.5108184461693036E11    0.8270615955338603       4.5108184461693036E11    975.3376944840824
6.656093489148581E-4     4.504030156558816E11     0.8281223988972732       4.504030156558816E11     970.4248256755878
6.666110183639399E-4     4.497262267518157E11     0.8291515284623999       4.497262267518157E11     965.6020581202159
6.676126878130218E-4     4.4905146872218054E11    0.8301497729909219       4.4905146872218054E11    960.8670054364508
6.686143572621035E-4     4.4837873243945074E11    0.8311178912576924       4.4837873243945074E11    956.2173358208804
6.696160267111854E-4     4.4770800883071545E11    0.8320566132294864       4.4770800883071545E11    951.650769666828
6.706176961602671E-4     4.470392888772716E11     0.8329666411856399       4.470392888772716E11     947.1650772411408
6.716193656093489E-4     4.463725636142182E11     0.833848650783085        4.463725636142182E11     942.7580764135654
6.726210350584308E-4     4.4570782413005707E11    0.8347032920688613       4.4570782413005707E11    938.4276304385902
6.736227045075126E-4     4.450450615662949E11     0.8355311904424476       4.450450615662949E11     934.1716457810826
6.746243739565944E-4     4.4438426711705023E11    0.8363329475702014       4.4438426711705023E11    929.9880699881667
6.756260434056761E-4     4.437254320286632E11     0.8371091422541935       4.437254320286632E11     925.874889599412
6.76627712854758E-4      4.430685475993091E11     0.8378603312575815       4.430685475993091E11     921.8301280944258
6.776293823038397E-4     4.424136051786154E11     0.8385870500883891       4.424136051786154E11     917.8518438727258
6.786310517529216E-4     4.417605961672817E11     0.8392898137434327       4.417605961672817E11     913.9381282638742
6.796327212020034E-4     4.411095120167035E11     0.8399691174144162       4.411095120167035E11     910.0871035633115
6.806343906510851E-4     4.404603442285995E11     0.8406254371574056       4.404603442285995E11     906.2969210905769
6.81636060100167E-4      4.398130843546412E11     0.8412592305275406       4.398130843546412E11     902.5657592658855
6.826377295492487E-4     4.3916772399608704E11    0.8418709371799298       4.3916772399608704E11    898.8918217028421
6.836393989983306E-4     4.3852425480341876E11    0.842460979438536        4.3852425480341876E11    895.2733353112117
6.846410684474124E-4     4.3788266847598145E11    0.8430297628339742       4.3788266847598145E11    891.7085484073395
6.856427378964942E-4     4.3724295676162646E11    0.8435776766111984       4.3724295676162646E11    888.2641346388225
6.86644407345576E-4      4.366051114563578E11     0.8441050942083014       4.366051114563578E11     884.9836590500136
6.876460767946577E-4     4.3596912440398157E11    0.844612373707233        4.3596912440398157E11    881.8596966453096
6.886477462437397E-4     4.3533498749575745E11    0.8450998582575685       4.3533498749575745E11    878.8851902142583
6.896494156928214E-4     4.347026926700557E11     0.8455678764734074       4.347026926700557E11     876.0567689529527
6.906510851419032E-4     4.3407223191201355E11    0.8460167428049657       4.3407223191201355E11    873.3360105834606
6.91652754590985E-4      4.334435972531981E11     0.8464467578846111       4.334435972531981E11     870.6599027372547
6.926544240400667E-4     4.328167807712702E11     0.8468582088484308       4.328167807712702E11     868.027110901688
6.936560934891487E-4     4.32191774589651E11      0.8472513696334963       4.32191774589651E11      865.4363103771057
6.946577629382304E-4     4.31568570877193E11      0.8476265012511334       4.31568570877193E11      862.8861847643116
6.956594323873122E-4     4.309471618478522E11     0.8479838520367866       4.309471618478522E11     860.3754244284651
6.96661101836394E-4      4.3032753976036426E11    0.8483236578753015       4.3032753976036426E11    857.9027249427036
6.976627712854759E-4     4.297096969179229E11     0.8486461424073097       4.297096969179229E11     855.4667854934142
6.986644407345577E-4     4.290936256678613E11     0.8489515172015284       4.290936256678613E11     853.0663072450784
6.996661101836394E-4     4.284793184013362E11     0.8492399819176315       4.284793184013362E11     850.6999916805102
7.006677796327213E-4     4.2786676755301404E11    0.8495117244347131       4.2786676755301404E11    848.3665388735437
7.01669449081803E-4      4.2725596560076135E11    0.8497669209600277       4.2725596560076135E11    846.0646457249416
7.026711185308848E-4     4.266469050653362E11     0.8500057361124042       4.266469050653362E11     847.2851033598184
7.036727879799667E-4     4.26039578510083E11      0.8502283229807984       4.26039578510083E11      849.2228014910982
7.046744574290484E-4     4.254339785406302E11     0.8504348231568023       4.254339785406302E11     851.2255642576116
7.056761268781303E-4     4.248300978045895E11     0.8506253667409753       4.248300978045895E11     853.2949988596073
7.06677796327212E-4      4.2422792899125916E11    0.8508000723212836       4.2422792899125916E11    855.4327960797445
7.076794657762938E-4     4.236274648313281E11     0.8509590469231983       4.236274648313281E11     857.6407355458317
7.086811352253757E-4     4.2302869809658417E11    0.8511023859295607       4.2302869809658417E11    859.9206913807338
7.096828046744575E-4     4.224316215996236E11     0.8512301729692007       4.224316215996236E11     862.2746382754817
7.106844741235393E-4     4.2183622819356354E11    0.8513424797722041       4.2183622819356354E11    864.704658023641
7.11686143572621E-4      4.2124251077175696E11    0.8514393659899817       4.2124251077175696E11    867.2129465602314
7.12687813021703E-4      4.206504622675099E11     0.851520878978148        4.206504622675099E11     869.8018215534639
7.136894824707847E-4     4.200600756538012E11     0.8515870535393326       4.200600756538012E11     872.473730600432
7.146911519198665E-4     4.194713439430039E11     0.851637911623122        4.194713439430039E11     875.2312600871521
7.156928213689483E-4     4.1888426018661066E11    0.8516734619804471       4.1888426018661066E11    878.0771447745126
7.1669449081803E-4       4.182988174749592E11     0.8516936997681578       4.182988174749592E11     881.0142781864473
7.17696160267112E-4      4.1771500893696204E11    0.8516986060991104       4.1771500893696204E11    884.0457238702048
7.186978297161937E-4     4.1713282773983734E11    0.8516881475365442       4.1713282773983734E11    887.1747276421315
7.196994991652755E-4     4.1655226708884247E11    0.8516622755216829       4.1655226708884247E11    890.404730878687
7.207011686143573E-4     4.1597332022700946E11    0.8516209257346109       4.1597332022700946E11    893.7393850049872
7.217028380634391E-4     4.153959804348831E11     0.8515640173782721       4.153959804348831E11     897.1825672792772
7.22704507512521E-4      4.14820241030261E11      0.851491452379654        4.14820241030261E11      900.7383980231616
7.237061769616027E-4     4.142460953679354E11     0.8514031144990145       4.142460953679354E11     904.411259452158
7.247078464106846E-4     4.1367353683943787E11    0.8512988683383214       4.1367353683943787E11    908.2058162841773
7.257095158597663E-4     4.131025588727858E11     0.8511785582377795       4.131025588727858E11     912.1270383258324
7.267111853088481E-4     4.1253315493223065E11    0.8510420070483349       4.1253315493223065E11    916.1802252601543
7.2771285475793E-4       4.119653185180087E11     0.8508890147664274       4.119653185180087E11     920.3710338929067
7.287145242070117E-4     4.1139904316609393E11    0.8507193570150989       4.1139904316609393E11    924.7055081448709
7.297161936560936E-4     4.108343224479524E11     0.8505327833538423       4.108343224479524E11     929.1901121207675
7.307178631051753E-4     4.1027114997029926E11    0.8503290153962547       4.1027114997029926E11    933.8317666279137
7.317195325542571E-4     4.0970951937485736E11    0.850107744712333        4.0970951937485736E11    938.6378895710509
7.32721202003339E-4      4.09149424338118E11      0.8498686304887811       4.09149424338118E11      943.6164407157158
7.337228714524208E-4     4.0859085857110345E11    0.8496112969159185       4.0859085857110345E11    948.7759713767585
7.347245409015026E-4     4.0803381581913196E11    0.8493353302661986       4.0803381581913196E11    954.1256796770922
7.357262103505843E-4     4.074782898615838E11     0.8490402756227895       4.074782898615838E11     959.6754721194752
7.367278797996662E-4     4.0692427451167004E11    0.8487256332114139       4.0692427451167004E11    965.4360323271995
7.37729549248748E-4      4.063717636162027E11     0.8483908542796111       4.063717636162027E11     971.4188979457809
7.387312186978298E-4     4.058207510553672E11     0.8480353364598114       4.058207510553672E11     977.636546856249
7.397328881469116E-4     4.05271230742496E11      0.8476584185414741       4.05271230742496E11      984.102494044262
7.407345575959933E-4     4.04723196623845E11      0.8472593745643893       4.04723196623845E11      990.8314006870235
7.417362270450752E-4     4.041766426783704E11     0.8468374071309565       4.041766426783704E11     997.8391972961382
7.42737896494157E-4      4.036315629175096E11     0.8463916398159677       4.036315629175096E11     1005.143223068372
7.437395659432388E-4     4.030879513849607E11     0.8459211085315536       4.030879513849607E11     1012.7623839894306
7.447412353923206E-4     4.0254580215646716E11    0.8454247516773352       4.0254580215646716E11    1020.7173326937334
7.457429048414024E-4     4.020051093396015E11     0.8449013988746417       4.020051093396015E11     1029.03067364985
7.467445742904842E-4     4.0146586707355237E11    0.8443497580436066       4.0146586707355237E11    1037.72719792697
7.477462437395659E-4     4.009280695289127E11     0.8437684005344454       4.009280695289127E11     1046.8341526283446
7.487479131886479E-4     4.003917109074693E11     0.843155743965342        4.003917109074693E11     1056.3815511046923
7.497495826377296E-4     3.9985678544199506E11    0.8425100323456287       3.9985678544199506E11    1066.4025313196528
7.507512520868114E-4     3.993232873960418E11     0.8418293129736705       3.993232873960418E11     1076.9337713051011
7.517529215358932E-4     3.987912110637352E11     0.8411114094846753       3.987912110637352E11     1088.0159725789242
7.527545909849749E-4     3.98260550769572E11      0.8403538902828929       3.98260550769572E11      1099.6944248375398
7.537562604340569E-4     3.97731300868217E11      0.8395540314127427       3.97731300868217E11      1112.019668284726
7.547579298831386E-4     3.972034557443043E11     0.8387087726967506       3.972034557443043E11     1125.0482738354688
7.557595993322204E-4     3.966770098122377E11     0.8378146656770372       3.966770098122377E11     1138.8437663570246
7.567612687813022E-4     3.961519575159938E11     0.8368678115234884       3.961519575159938E11     1153.4777224335533
7.577629382303839E-4     3.9562829332892706E11    0.8358637865857195       3.9562829332892706E11    1169.031082294729
7.587646076794659E-4     3.951060117535753E11     0.8347975526342221       3.951060117535753E11     1185.5957261638234
7.597662771285476E-4     3.945851073214678E11     0.833663347999837        3.945851073214678E11     1203.2763791922557
7.607679465776294E-4     3.9406557459293396E11    0.8324545547147382       3.9406557459293396E11    1222.192927522
7.617696160267112E-4     3.935474081569143E11     0.8311635352726936       3.935474081569143E11     1242.4832525501279
7.62771285475793E-4      3.930306026307726E11     0.8297814306187137       3.930306026307726E11     1264.3067234534844
7.637729549248749E-4     3.925151526601092E11     0.8282979082318354       3.925151526601092E11     1287.8485328943225
7.647746243739566E-4     3.920010529185767E11     0.8267008453723738       3.920010529185767E11     1313.3251224812707
7.657762938230385E-4     3.914882981076956E11     0.8249759272577909       3.914882981076956E11     1340.991030222975
7.667779632721202E-4     3.909768829566732E11     0.8231061324210452       3.909768829566732E11     1371.1476127821209
7.67779632721202E-4      3.904668022222222E11     0.8210710667234576       3.904668022222222E11     1404.154267199559
7.687813021702839E-4     3.899580506883822E11     0.8188460917933982       3.899580506883822E11     1440.4430253291234
7.697829716193656E-4     3.8945062316634143E11    0.8164011704404032       3.8945062316634143E11    1480.5377592199195
7.707846410684475E-4     3.8894451449426025E11    0.8136993166547225       3.8894451449426025E11    1525.079780695275
7.717863105175292E-4     3.884397195370971E11     0.8106944842672481       3.884397195370971E11     1574.8624469414149
7.72787979966611E-4      3.8793623318643335E11    0.8073286446709319       3.8793623318643335E11    1630.8786686423387
7.737896494156929E-4     3.8743405036030206E11    0.8035276703777151       3.8743405036030206E11    1694.3872522236536
7.747913188647747E-4     3.8693316600301654E11    0.7991954227663067       3.8693316600301654E11    1767.0073077830693
7.757929883138565E-4     3.8643357508500104E11    0.7942050762714464       3.8643357508500104E11    1850.8554441797128
7.767946577629382E-4     3.8593527260262195E11    0.7883860809468171       3.8593527260262195E11    1948.7498647090545
7.777963272120202E-4     3.85438253578021E11      0.7815040491440314       3.85438253578021E11      2064.52204019905
7.787979966611019E-4     3.849425130589496E11     0.7732288188408504       3.849425130589496E11     2203.5068185559207
7.797996661101837E-4     3.844480461186041E11     0.7630821472532592       3.844480461186041E11     2373.338749060975
7.808013355592655E-4     3.839548478554629E11     0.7503492848455647       3.839548478554629E11     2585.293436811045
7.818030050083472E-4     3.834629133931241E11     0.7339252780306655       3.834629133931241E11     2856.635410834223
7.828046744574292E-4     3.8297223788014496E11    0.7120453197984136       3.8297223788014496E11    3214.8823734398393
7.838063439065109E-4     3.824828164898829E11     0.6818413821034107       3.824828164898829E11     3705.7264736779184
7.848080133555927E-4     3.819946444203361E11     0.6389182143591973       3.819946444203361E11     4407.149863071752
7.858096828046745E-4     3.815077168939877E11     0.5797293216042805       3.815077168939877E11     5445.908826324484
7.868113522537563E-4     3.8102202915764905E11    0.5293589665792561       3.8102202915764905E11    6936.429590119273
7.878130217028381E-4     3.8053757648230554E11    0.6374202454625002       3.8053757648230554E11    8353.172209973676
7.888146911519199E-4     3.8005435416296295E11    0.8883465719985579       3.8005435416296295E11    7867.502400240076
7.898163606010018E-4     3.79572357518495E11      0.9917075948651122       3.79572357518495E11      6013.436450994557
7.908180300500835E-4     3.790915818914925E11     0.997137243059586        3.790915818914925E11     4553.96926893649
7.918196994991654E-4     3.786120226481129E11     0.9810081016453396       3.786120226481129E11     3655.4070987873883
7.928213689482471E-4     3.781336751779321E11     0.9636065774709668       3.781336751779321E11     3113.1504791184884
7.938230383973289E-4     3.77656534893796E11      0.9486575871329245       3.77656534893796E11      2758.306393779924
7.948247078464108E-4     3.7718059723167395E11    0.936344979216102        3.7718059723167395E11    2498.6152067062226
7.958263772954925E-4     3.767058576505139E11     0.926213035721354        3.767058576505139E11     2301.6364942414893
7.968280467445744E-4     3.7623231163209717E11    0.9177854893184693       3.7623231163209717E11    2147.8143559826763
7.978297161936561E-4     3.757599546808955E11     0.9106780885588585       3.757599546808955E11     2024.7707883366481
7.988313856427379E-4     3.75288782323929E11      0.9045993262488914       3.75288782323929E11      1924.362639501135
7.998330550918198E-4     3.748187901106241E11     0.8993308718360294       3.748187901106241E11     1841.0436660467744
8.008347245409015E-4     3.7434997361267456E11    0.8947085818810299       3.7434997361267456E11    1770.9197497201521
8.018363939899834E-4     3.738823284239017E11     0.8906078130115795       3.738823284239017E11     1711.1833547613344
8.028380634390651E-4     3.7341585016011646E11    0.8869327599424339       3.7341585016011646E11    1659.7629950855076
8.038397328881471E-4     3.729505344589823E11     0.8836088506131516       3.729505344589823E11     1615.0989797038367
8.048414023372288E-4     3.7248637697987964E11    0.8805773234632965       3.7248637697987964E11    1575.9958085804399
8.058430717863105E-4     3.7202337340377045E11    0.8777913332477805       3.7202337340377045E11    1541.5225167990577
8.068447412353924E-4     3.715615194330643E11     0.8752131256779427       3.715615194330643E11     1510.943841194723
8.078464106844741E-4     3.7110081079148584E11    0.8728119637974997       3.7110081079148584E11    1483.6716942051485
8.088480801335561E-4     3.7064124322394214E11    0.8705625880150311       3.7064124322394214E11    1459.2303179711973
8.098497495826378E-4     3.7018281249639246E11    0.8684440591015645       3.7018281249639246E11    1437.2308418462742
8.108514190317195E-4     3.697255143957175E11     0.8664388791463398       3.697255143957175E11     1417.3524228715648
8.118530884808014E-4     3.6926934472959076E11    0.8645323165555984       3.6926934472959076E11    1399.3280721539102
8.128547579298831E-4     3.6881429932635034E11    0.8627118824973959       3.6881429932635034E11    1382.933867969095
8.138564273789651E-4     3.683603740348717E11     0.8609669209535415       3.683603740348717E11     1367.9806510184585
8.148580968280468E-4     3.6790756472444165E11    0.8592882848601756       3.6790756472444165E11    1354.3075623708387
8.158597662771285E-4     3.6745586728463275E11    0.8576680781131971       3.6745586728463275E11    1341.7769656707933
8.168614357262104E-4     3.670052776251788E11     0.856099448425645        3.670052776251788E11     1330.2704206786757
8.178631051752921E-4     3.6655579167585223E11    0.8545764197845014       3.6655579167585223E11    1319.685463443154
8.188647746243741E-4     3.661074053863404E11     0.853093755994364        3.661074053863404E11     1309.933011227666
8.198664440734558E-4     3.65660114726125E11      0.851646848813972        3.65660114726125E11      1300.9352556061285
8.208681135225377E-4     3.6521391568436035E11    0.8502316256877279       3.6521391568436035E11    1292.6239401410571
8.218697829716194E-4     3.647688042697542E11     0.8488444731985374       3.647688042697542E11     1284.9389433980934
8.228714524207011E-4     3.6432477651044836E11    0.8474821732140367       3.6432477651044836E11    1277.8271061145601
8.238731218697831E-4     3.638818284539007E11     0.8461418493462061       3.638818284539007E11     1271.2412549490027
8.248747913188648E-4     3.634399561667679E11     0.8448209218374438       3.634399561667679E11     1265.1393855073939
8.258764607679467E-4     3.629991557347887E11     0.8435170693705448       3.629991557347887E11     1259.4839752076098
8.268781302170284E-4     3.6255942326266907E11    0.8422281965973405       3.6255942326266907E11    1254.2414025942985
8.278797996661101E-4     3.6212075487396655E11    0.84095240641381         3.6212075487396655E11    1249.381454383083
8.288814691151921E-4     3.616831467109768E11     0.8396879761934896       3.616831467109768E11     1244.876905201163
8.298831385642738E-4     3.612465949346208E11     0.8384333373371892       3.612465949346208E11     1240.7031578325202
8.308848080133557E-4     3.6081109572433185E11    0.8371870576120288       3.6081109572433185E11    1236.8379340717686
8.318864774624374E-4     3.60376645277945E11      0.8359478258474015       3.60376645277945E11      1233.2610080943275
8.328881469115194E-4     3.5994323981158545E11    0.8347144386292402       3.5994323981158545E11    1229.9539756746997
8.338898163606011E-4     3.595108755595595E11     0.8334857886954011       3.595108755595595E11     1226.9000537781653
8.348914858096828E-4     3.590795487742452E11     0.8322608547844206       3.590795487742452E11     1224.083905965343
8.358931552587647E-4     3.586492557259836E11     0.8310386927297791       3.586492557259836E11     1221.4914898189766
8.368948247078464E-4     3.582199927029723E11     0.829818427625256        3.582199927029723E11     1219.1099232296544
8.378964941569284E-4     3.5779175601115753E11    0.828599246914789        3.5779175601115753E11    1216.9273668742578
8.388981636060101E-4     3.5736454197412933E11    0.8273803942817769       3.5736454197412933E11    1214.9329206547723
8.398998330550918E-4     3.569383469330153E11     0.826161164232279        3.569383469330153E11     1213.1165322011273
8.409015025041737E-4     3.565131672463768E11     0.824940897282288        3.565131672463768E11     1211.4689158315002
8.419031719532554E-4     3.560889992901051E11     0.8237189756719179       3.560889992901051E11     1209.9814806026552
8.429048414023373E-4     3.5566583945731824E11    0.8224948195405002       3.5566583945731824E11    1208.646266290536
8.439065108514191E-4     3.5524368415825916E11    0.8212678835060736       3.5524368415825916E11    1207.4558862929373
8.44908180300501E-4      3.548225298201936E11     0.8200376536002638       3.548225298201936E11     1206.4034766020352
8.459098497495827E-4     3.5440237288731E11       0.8188036445164021       3.5440237288731E11       1205.4826501091707
8.469115191986644E-4     3.53983209820619E11      0.8175653971341492       3.53983209820619E11      1204.6874556002258
8.479131886477463E-4     3.535650370978539E11     0.8163224762890565       3.535650370978539E11     1204.0123408899467
8.489148580968281E-4     3.531478512133726E11     0.8150744687589501       3.531478512133726E11     1203.4521196214705
8.4991652754591E-4       3.5273164867805927E11    0.8138209814438266       3.5273164867805927E11    1203.0019413049301
8.509181969949917E-4     3.52316426019227E11      0.8125616397168944       3.52316426019227E11      1202.6572642388962
8.519198664440734E-4     3.519021797805213E11     0.8112960859293734       3.519021797805213E11     1202.413830993962
8.529215358931553E-4     3.514889065218242E11     0.8100239780521242       3.514889065218242E11     1202.2676461793067
8.539232053422371E-4     3.510766028191593E11     0.8087449884401635       3.510766028191593E11     1202.2149562500156
8.54924874791319E-4      3.5066526526459674E11    0.8074588027068674       3.5066526526459674E11    1202.2522311372988
8.559265442404007E-4     3.5025489046615955E11    0.8061651186972335       3.5025489046615955E11    1202.376147514531
8.569282136894826E-4     3.498454750477303E11     0.8048636455503205       3.498454750477303E11     1202.5835735303926
8.579298831385643E-4     3.4943701564895886E11    0.8035541028417357       3.4943701564895886E11    1202.8715548608825
8.589315525876461E-4     3.490295089251701E11     0.802236219798468        3.490295089251701E11     1203.2373019498527
8.59933222036728E-4      3.486229515472723E11     0.8009097345791634       3.486229515472723E11     1203.678178320646
8.609348914858097E-4     3.482173402016676E11     0.7995743936142484       3.482173402016676E11     1204.1916898547083
8.619365609348916E-4     3.478126715901607E11     0.7982299509990166       3.478126715901607E11     1204.775474946511
8.629382303839733E-4     3.4740894242987036E11    0.7968761679363026       3.4740894242987036E11    1205.427295451469
8.639398998330551E-4     3.4700614945314014E11    0.7955128122231858       3.4700614945314014E11    1206.1450283490276
8.64941569282137E-4      3.466042894074503E11     0.7941396577782466       3.466042894074503E11     1206.9266580655785
8.659432387312187E-4     3.462033590553306E11     0.7927564842058705       3.462033590553306E11     1207.7702693841243
8.669449081803006E-4     3.45803355174273E11      0.79136307639399         3.45803355174273E11      1208.6740408986016
8.679465776293823E-4     3.454042745566455E11     0.7899592241430494       3.454042745566455E11     1209.636238961207
8.689482470784643E-4     3.450061140096061E11     0.7885447218227055       3.450061140096061E11     1210.6552120758934
8.69949916527546E-4      3.446088703550182E11     0.7871193680548026       3.446088703550182E11     1211.729385707916
8.709515859766277E-4     3.4421254042936554E11    0.7856829654200248       3.4421254042936554E11    1212.8572574660082
8.719532554257096E-4     3.438171210836684E11     0.7842353201861225       3.438171210836684E11     1214.0373926292373
8.729549248747913E-4     3.4342260918340027E11    0.7827762420566752       3.4342260918340027E11    1215.26841999066
8.739565943238733E-4     3.430290016084049E11     0.781305543937878        3.430290016084049E11     1216.5490279900043
8.74958263772955E-4      3.4263629525281433E11    0.7798230417228754       3.4263629525281433E11    1217.8779611126429
8.759599332220367E-4     3.422444870249666E11     0.778328554091623        3.422444870249666E11     1219.2540165338653
8.769616026711186E-4     3.4185357384732526E11    0.7768219023251416       3.4185357384732526E11    1220.676040987401
8.779632721202003E-4     3.4146355265639856E11    0.7753029101339388       3.4146355265639856E11    1222.1429278417738
8.789649415692823E-4     3.4107442040265906E11    0.7737714034981775       3.4107442040265906E11    1223.653614370488
8.79966611018364E-4      3.4068617405046484E11    0.772227210520038        3.4068617405046484E11    1225.2070791933054
8.809682804674459E-4     3.4029881057797986E11    0.77067016128673         3.4029881057797986E11    1226.8023398903517
8.819699499165276E-4     3.399123269770963E11     0.7691000877433373       3.399123269770963E11     1228.4384507554214
8.829716193656093E-4     3.39526720253356E11      0.7675168235754566       3.39526720253356E11      1230.1145006977574
8.839732888146913E-4     3.391419874258734E11     0.7659202041003531       3.391419874258734E11     1231.829611271444
8.84974958263773E-4      3.3875812552725903E11    0.7643100661662043       3.3875812552725903E11    1233.5829348233374
8.859766277128549E-4     3.383751316035425E11     0.7626862480590303       3.383751316035425E11     1235.3736527515841
8.869782971619366E-4     3.379930027140975E11     0.7610485894170318       3.379930027140975E11     1237.200973871842
8.879799666110183E-4     3.376117359315661E11     0.7593969311515578       3.376117359315661E11     1239.0641328738038
8.889816360601003E-4     3.37231328341784E11      0.7577311153737598       3.37231328341784E11      1240.962388872285
8.89983305509182E-4      3.368517770437066E11     0.7560509853283803       3.368517770437066E11     1242.8950240397326
8.909849749582639E-4     3.364730791493348E11     0.7543563853319553       3.364730791493348E11     1244.8613423142629
8.919866444073456E-4     3.3609523178364215E11    0.7526471607172205       3.3609523178364215E11    1246.8606681804881
8.929883138564276E-4     3.357182320845017E11     0.7509231577813312       3.357182320845017E11     1248.8923455229974
8.939899833055093E-4     3.353420772026144E11     0.7491842237405297       3.353420772026144E11     1250.955736534462
8.94991652754591E-4      3.3496676430143634E11    0.7474302066874517       3.3496676430143634E11    1253.0502206881013
8.959933222036729E-4     3.345922905571082E11     0.7456609555537675       3.345922905571082E11     1255.175193763953
8.969949916527546E-4     3.3421865315838446E11    0.7438763200766938       3.3421865315838446E11    1257.3300669243863
8.979966611018365E-4     3.338458493065625E11     0.7420761507689079       3.338458493065625E11     1259.5142658420164
8.989983305509183E-4     3.3347387621541315E11    0.7402602988924044       3.3347387621541315E11    1261.7272298670293
9.0E-4                   3.331027311111111E11     0.738428616436109        3.331027311111111E11     1263.9684112419031
