% Model:              grating_duty=1:10.mph
% Version:            COMSOL 5.3.1.180
% Date:               Sep 4 2018, 09:18
% Table:              Accumulated Probe Table 3 - 
% lambda (m)             freq                     sqrt(emw.S11*conj(emw.S11)) (1), S11Frequency, frequency     Electric field norm (V/m), normE
3.0E-4                   9.993081933333334E11     0.17079913251233303      9.993081933333334E11     1970.8444714965758
3.010016694490818E-4     9.959827084969496E11     0.11051626543307475      9.959827084969496E11     2095.4248448962235
3.0200333889816356E-4    9.926792832614706E11     0.05879844381986566      9.926792832614706E11     2201.5532964091253
3.030050083472454E-4     9.893976988539946E11     0.06151642078243793      9.893976988539946E11     2278.55891338146
3.040066777963272E-4     9.861377393849534E11     0.11961982763883688      9.861377393849534E11     2324.9457075412147
3.0500834724540897E-4    9.828991918007665E11     0.1884090360513766       9.828991918007665E11     2344.6164325649856
3.060100166944908E-4     9.79681845837425E11      0.25852638883803264      9.79681845837425E11      2343.7865559097777
3.070116861435726E-4     9.764854939749863E11     0.3271422479053983       9.764854939749863E11     2329.329048277154
3.080133555926544E-4     9.733099313929541E11     0.3929953106475316       9.733099313929541E11     2308.220179659747
3.090150250417362E-4     9.701549559265262E11     0.45578798775460516      9.701549559265262E11     2287.786837715647
3.10016694490818E-4      9.670203680236942E11     0.5161694222733353       9.670203680236942E11     2276.8886407704763
3.110183639398998E-4     9.639059707031671E11     0.5761069260751643       9.639059707031671E11     2289.0799105641026
3.120200333889816E-4     9.608115695131086E11     0.6401242360166881       9.608115695131086E11     2705.901544133728
3.1302170283806343E-4    9.577369724906666E11     0.7173190204865003       9.577369724906666E11     3623.775536248803
3.140233722871452E-4     9.546819901222755E11     0.7367016933420163       9.546819901222755E11     5768.124390204917
3.15025041736227E-4      9.516464353047166E11     0.47165468589850523      9.516464353047166E11     4167.522686434884
3.1602671118530884E-4    9.486301233069203E11     0.5790363560114884       9.486301233069203E11     2543.5874675650352
3.170283806343906E-4     9.456328717324908E11     0.6535982999945774       9.456328717324908E11     1967.6698552110884
3.1803005008347243E-4    9.426545004829397E11     0.7144728466168424       9.426545004829397E11     1773.0721188946168
3.1903171953255425E-4    9.396948317216117E11     0.809743021657903        9.396948317216117E11     2773.3751885859765
3.20033388981636E-4      9.367536898382891E11     0.47967105726999626      9.367536898382891E11     4693.4774394284
3.2103505843071784E-4    9.338309014144565E11     0.662813729178126        9.338309014144565E11     1943.742573378111
3.2203672787979966E-4    9.309262951892172E11     0.7061999770513343       9.309262951892172E11     1490.0301587384201
3.2303839732888143E-4    9.2803970202584E11       0.7293310213819708       9.2803970202584E11       1304.2572352853795
3.2404006677796325E-4    9.251709548789285E11     0.7453144473205856       9.251709548789285E11     1196.8623433076025
3.250417362270451E-4     9.223198887621982E11     0.7575938085673468       9.223198887621982E11     1124.0792877151707
3.2604340567612684E-4    9.19486340716846E11      0.7675028952418667       9.19486340716846E11      1070.1757847522797
3.2704507512520866E-4    9.166701497805004E11     0.7756880562471797       9.166701497805004E11     1028.1615069858426
3.280467445742905E-4     9.138711569567429E11     0.7825151174165449       9.138711569567429E11     994.4460212704307
3.2904841402337225E-4    9.110892051851853E11     0.7882155785654217       9.110892051851853E11     970.1411281451799
3.300500834724541E-4     9.083241393120891E11     0.7929472414398668       9.083241393120891E11     954.7596883279265
3.310517529215359E-4     9.05575806061523E11      0.7968218484383871       9.05575806061523E11      944.0158231791216
3.3205342237061766E-4    9.028440540070388E11     0.7999190253495563       9.028440540070388E11     935.5721479213321
3.330550918196995E-4     9.001287335438597E11     0.802295681793167        9.001287335438597E11     934.2920930978464
3.340567612687813E-4     8.974296968615692E11     0.8039945723414645       8.974296968615692E11     944.8391628840687
3.3505843071786307E-4    8.947467979172896E11     0.8050484322948355       8.947467979172896E11     955.1409242700331
3.360601001669449E-4     8.920798924093394E11     0.8054731504963327       8.920798924093394E11     965.0316751070479
3.370617696160267E-4     8.894288377513619E11     0.8052511536147342       8.894288377513619E11     974.054415962473
3.380634390651085E-4     8.867934930469137E11     0.8043148196351672       8.867934930469137E11     981.6727019404515
3.390651085141903E-4     8.841737190645002E11     0.8025176541764132       8.841737190645002E11     990.0776373141018
3.400667779632721E-4     8.815693782130585E11     0.7993446035851053       8.815693782130585E11     1012.6636097766415
3.410684474123539E-4     8.78980334517866E11      0.7874620047951726       8.78980334517866E11      1216.8690050844423
3.420701168614357E-4     8.764064535968766E11     0.8024016780101653       8.764064535968766E11     1094.1423597220362
3.430717863105175E-4     8.738476026374697E11     0.7953401876105411       8.738476026374697E11     1031.4253635432192
3.440734557595993E-4     8.713036503736051E11     0.7900404717035073       8.713036503736051E11     1035.7082538464788
3.450751252086811E-4     8.687744670633768E11     0.7848750215602927       8.687744670633768E11     1050.1701674329393
3.4607679465776294E-4    8.66259924466956E11      0.7805017686863537       8.66259924466956E11      1054.239297077997
3.470784641068447E-4     8.637598958249159E11     0.7751799792306133       8.637598958249159E11     1061.577786907167
3.4808013355592653E-4    8.612742558369305E11     0.7687040523766787       8.612742558369305E11     1066.8537891641354
3.490818030050083E-4     8.588028806408418E11     0.7641418220540495       8.588028806408418E11     1092.6163765051967
3.500834724540901E-4     8.56345647792084E11      0.7547561496856027       8.56345647792084E11      1099.6723866790346
3.5108514190317194E-4    8.539024362434618E11     0.7456423400816339       8.539024362434618E11     1142.6449687080706
3.5208681135225376E-4    8.514731263252727E11     0.7355036956697665       8.514731263252727E11     1174.5614877917533
3.5308848080133553E-4    8.490575997257683E11     0.7244511162927231       8.490575997257683E11     1208.1030670096334
3.5409015025041735E-4    8.466557394719471E11     0.7123348555497238       8.466557394719471E11     1244.0260736652053
3.550918196994991E-4     8.442674299106725E11     0.6990304103827787       8.442674299106725E11     1282.8740255450634
3.5609348914858094E-4    8.418925566901079E11     0.684409791276208        8.418925566901079E11     1325.1558425210933
3.5709515859766276E-4    8.39531006741468E11      0.6683318492814891       8.39531006741468E11      1371.4477455178142
3.580968280467446E-4     8.371826682610723E11     0.6506354278307627       8.371826682610723E11     1422.4692625532243
3.5909849749582635E-4    8.34847430692701E11      0.6311313840466573       8.34847430692701E11      1479.173279030233
3.6010016694490817E-4    8.325251847102457E11     0.6095907057708461       8.325251847102457E11     1542.8811039245072
3.6110183639398994E-4    8.302158222006473E11     0.5857245884573355       8.302158222006473E11     1615.5077206321125
3.6210350584307176E-4    8.279192362471185E11     0.5591483113272316       8.279192362471185E11     1699.9645109360283
3.631051752921536E-4     8.256353211126437E11     0.5293107973827648       8.256353211126437E11     1800.9304020289662
3.641068447412354E-4     8.233639722237505E11     0.49534538092767605      8.233639722237505E11     1926.4544599154153
3.6510851419031717E-4    8.211050861545496E11     0.4557183915229522       8.211050861545496E11     2091.6580124018396
3.66110183639399E-4      8.188585606110352E11     0.40727205481553935      8.188585606110352E11     2328.6164079144132
3.6711185308848076E-4    8.166242944156436E11     0.34198792014780577      8.166242944156436E11     2718.944769041202
3.681135225375626E-4     8.144021874920636E11     0.23127232684335908      8.144021874920636E11     3711.9114630741437
3.691151919866444E-4     8.121921408502941E11     0.1421944637147921       8.121921408502941E11     7929.010821048652
3.701168614357262E-4     8.099940565719441E11     0.7889338082333786       8.099940565719441E11     8911.337003672066
3.71118530884808E-4      8.078078377957715E11     0.48540721944792475      8.078078377957715E11     4158.885758540083
3.721202003338898E-4     8.056333887034545E11     0.37246464413748637      8.056333887034545E11     3103.8060831223984
3.731218697829716E-4     8.034706145055929E11     0.29611181098084816      8.034706145055929E11     2682.7035218133356
3.741235392320534E-4     8.01319421427934E11      0.2316182427267797       8.01319421427934E11      2465.2116091664734
3.751252086811352E-4     7.991797166978192E11     0.171982857675713        7.991797166978192E11     2335.9692559234977
3.7612687813021704E-4    7.970514085308477E11     0.11462715294782196      7.970514085308477E11     2255.1472974071594
3.771285475792988E-4     7.949344061177512E11     0.0585298284311631       7.949344061177512E11     2208.7183701397844
3.7813021702838063E-4    7.928286196114791E11     0.005752634062314899     7.928286196114791E11     2191.3389932810323
3.791318864774624E-4     7.90733960114487E11      0.052318874446099096     7.90733960114487E11      2193.771038429936
3.801335559265442E-4     7.886503396662275E11     0.10671411546360036      7.886503396662275E11     2218.080481891191
3.8113522537562604E-4    7.865776712308367E11     0.1609693890189302       7.865776712308367E11     2274.315297796406
3.8213689482470786E-4    7.845158686850153E11     0.21542184474639156      7.845158686850153E11     2378.282927500699
3.8313856427378963E-4    7.824648468061002E11     0.270912897290919        7.824648468061002E11     2551.070883645054
3.8414023372287145E-4    7.804245212603215E11     0.3292718000729895       7.804245212603215E11     2843.526888317464
3.851419031719532E-4     7.78394808591244E11      0.39473245115208927      7.78394808591244E11      3374.1096275603372
3.8614357262103504E-4    7.763756262083875E11     0.478855943181019        7.763756262083875E11     4463.629610237483
3.8714524207011686E-4    7.743668923760242E11     0.6249908895769062       7.743668923760242E11     7393.55259466615
3.881469115191987E-4     7.723685262021504E11     0.9978798039159316       7.723685262021504E11     20614.602477707856
3.8914858096828045E-4    7.703804476276277E11     0.0951891979437877       7.703804476276277E11     9717.545139855132
3.9015025041736227E-4    7.6840257741549E11       0.26949039455990087      7.6840257741549E11       4776.728488685419
3.9115191986644404E-4    7.664348371404183E11     0.3648391420728376       7.664348371404183E11     3242.3801905445084
3.9215358931552586E-4    7.644771491783738E11     0.4235350519857031       7.644771491783738E11     2537.3560993035776
3.931552587646077E-4     7.625294366963906E11     0.4668462961775238       7.625294366963906E11     2146.641389722965
3.941569282136895E-4     7.605916236425243E11     0.5018028936172183       7.605916236425243E11     1905.1896936419066
3.9515859766277127E-4    7.586636347359528E11     0.5314071926460161       7.586636347359528E11     1741.2659907570003
3.961602671118531E-4     7.567453954572272E11     0.5571849899282227       7.567453954572272E11     1621.695508018538
3.9716193656093486E-4    7.548368320386718E11     0.5800170687138501       7.548368320386718E11     1530.0112103274562
3.981636060100167E-4     7.529378714549268E11     0.6004645284221423       7.529378714549268E11     1456.8656440993846
3.991652754590985E-4     7.510484414136344E11     0.6189137963338148       7.510484414136344E11     1396.6339008678976
4.001669449081803E-4     7.491684703462661E11     0.6356479491350863       7.491684703462661E11     1345.7669111005373
4.011686143572621E-4     7.472978873990845E11     0.6508846351849921       7.472978873990845E11     1301.9339123147495
4.021702838063439E-4     7.454366224242424E11     0.6647975819456486       7.454366224242424E11     1263.5501657552475
4.031719532554257E-4     7.435846059710145E11     0.6775294902067311       7.435846059710145E11     1229.5045467676778
4.041736227045075E-4     7.417417692771582E11     0.6892001553541983       7.417417692771582E11     1198.9961675199486
4.051752921535893E-4     7.399080442604038E11     0.6999118167762383       7.399080442604038E11     1171.4330451500068
4.0617696160267114E-4    7.380833635100698E11     0.7097528292894504       7.380833635100698E11     1146.367379933771
4.071786310517529E-4     7.362676602788029E11     0.7188002796275328       7.362676602788029E11     1123.4531261602385
4.0818030050083473E-4    7.344608684744376E11     0.7271219158998393       7.344608684744376E11     1102.4175181531973
4.091819699499165E-4     7.326629226519789E11     0.734777614389888        7.326629226519789E11     1083.0415481346993
4.101836393989983E-4     7.30873758005698E11      0.7418205246861547       7.30873758005698E11      1065.1463126874262
4.1118530884808014E-4    7.290933103613479E11     0.7482979842074773       7.290933103613479E11     1048.5832809431563
4.1218697829716196E-4    7.273215161684891E11     0.7542522625207543       7.273215161684891E11     1033.2272278453263
4.1318864774624373E-4    7.255583124929293E11     0.7597211765084524       7.255583124929293E11     1018.9710039902185
4.1419031719532555E-4    7.238036370092705E11     0.764738604943738        7.238036370092705E11     1005.7215842584968
4.151919866444073E-4     7.220574279935665E11     0.7693349227321031       7.220574279935665E11     993.3970110637973
4.1619365609348914E-4    7.203196243160851E11     0.7735373693958607       7.203196243160851E11     981.923960162099
4.1719532554257096E-4    7.185901654341736E11     0.7773703623248264       7.185901654341736E11     971.235728870658
4.1819699499165273E-4    7.168689913852296E11     0.7808557622492156       7.168689913852296E11     961.270490795071
4.1919866444073455E-4    7.151560427797689E11     0.7840130958491573       7.151560427797689E11     951.9696847458371
4.2020033388981637E-4    7.134512607945967E11     0.7868597380146688       7.134512607945967E11     943.2764114213901
4.2120200333889814E-4    7.117545871660721E11     0.7894110535946561       7.117545871660721E11     935.1336989925273
4.2220367278797996E-4    7.100659641834717E11     0.7916804949582161       7.100659641834717E11     927.4824631092674
4.232053422370618E-4     7.083853346824458E11     0.7936796463870426       7.083853346824458E11     920.3447812723823
4.242070116861436E-4     7.067126420385675E11     0.7954181974636685       7.067126420385675E11     913.7791544531627
4.2520868113522537E-4    7.050478301609738E11     0.7969038116636671       7.050478301609738E11     908.0366274452957
4.2621035058430714E-4    7.033908434860948E11     0.7981418256614843       7.033908434860948E11     903.3611200248841
4.2721202003338896E-4    7.017416269714733E11     0.7991346518959966       7.017416269714733E11     899.6145487164297
4.282136894824708E-4     7.001001260896686E11     0.799880618357893        7.001001260896686E11     896.760533155415
4.292153589315526E-4     6.98466286822248E11      0.800371648208966        6.98466286822248E11      894.5697737241898
4.302170283806344E-4     6.968400556538611E11     0.8005883045760224       6.968400556538611E11     906.7177467102177
4.312186978297162E-4     6.952213795663956E11     0.8004880786872016       6.952213795663956E11     924.4619347102334
4.3222036727879796E-4    6.936102060332175E11     0.7999732691062198       6.936102060332175E11     951.7799932486673
4.332220367278798E-4     6.920064830134875E11     0.7987804395077845       6.920064830134875E11     1001.1427579711506
4.342237061769616E-4     6.904101589465591E11     0.7959166811544031       6.904101589465591E11     1141.2346849500548
4.352253756260434E-4     6.888211827464518E11     0.7819982622050535       6.888211827464518E11     2205.922791739105
4.3622704507512524E-4    6.872395037964025E11     0.8176868531809847       6.872395037964025E11     1748.1244493223705
4.37228714524207E-4      6.856650719434899E11     0.8061104173673309       6.856650719434899E11     1158.607781953291
4.382303839732888E-4     6.840978374933334E11     0.8027285215283392       6.840978374933334E11     1057.2432374601858
4.392320534223706E-4     6.825377512048651E11     0.800468997747993        6.825377512048651E11     1018.1719454459652
4.402337228714524E-4     6.809847642851726E11     0.7984663148412551       6.809847642851726E11     998.9516923166985
4.4123539232053424E-4    6.794388283844116E11     0.7964769704162749       6.794388283844116E11     988.6051228861421
4.4223706176961606E-4    6.77899895590789E11      0.7944043740033108       6.77899895590789E11      983.6950068151059
4.4323873121869783E-4    6.76367918425612E11      0.7922011671837673       6.76367918425612E11      982.3548025057964
4.442404006677796E-4     6.748428498384066E11     0.7898400774875814       6.748428498384066E11     982.9645614416456
4.452420701168614E-4     6.733246432020997E11     0.7873030757210396       6.733246432020997E11     985.0444658570322
4.4624373956594324E-4    6.718132523082678E11     0.7845766898117026       6.718132523082678E11     988.3075636927854
4.4724540901502506E-4    6.703086313624486E11     0.7816497411174478       6.703086313624486E11     992.5747191228347
4.482470784641069E-4     6.688107349795159E11     0.7785121491895384       6.688107349795159E11     997.8648853215674
4.4924874791318865E-4    6.673195181791156E11     0.7751542500960444       6.673195181791156E11     1004.883848068158
4.502504173622704E-4     6.658349363811643E11     0.7715663780987593       6.658349363811643E11     1012.6647125967784
4.5125208681135224E-4    6.643569454014059E11     0.7677385886654873       6.643569454014059E11     1021.1942098837907
4.5225375626043406E-4    6.628855014470284E11     0.7636604590960121       6.628855014470284E11     1030.4727022947714
4.532554257095159E-4     6.614205611123389E11     0.7593209312067773       6.614205611123389E11     1040.6703995000628
4.542570951585977E-4     6.599620813744946E11     0.7547081747224766       6.599620813744946E11     1052.5886129194591
4.5525876460767947E-4    6.585100195892922E11     0.749809457289425        6.585100195892922E11     1065.3492676443532
4.5626043405676124E-4    6.570643334870107E11     0.7446110105799122       6.570643334870107E11     1079.0056607191195
4.5726210350584306E-4    6.556249811683096E11     0.7390978833049504       6.556249811683096E11     1094.1173896474297
4.582637729549249E-4     6.541919211001823E11     0.7332537717672107       6.541919211001823E11     1110.9213321730774
4.592654424040067E-4     6.527651121119592E11     0.7270608170766801       6.527651121119592E11     1128.9111538990448
4.6026711185308847E-4    6.513445133913674E11     0.7204993552101001       6.513445133913674E11     1148.9832736994338
4.612687813021703E-4     6.49930084480637E11      0.7135476013177373       6.49930084480637E11      1170.8821103104997
4.6227045075125206E-4    6.485217852726617E11     0.7061812422841713       6.485217852726617E11     1195.1783674231126
4.632721202003339E-4     6.471195760072073E11     0.6983729001995886       6.471195760072073E11     1221.9700811104383
4.642737896494157E-4     6.457234172671702E11     0.6900914118302611       6.457234172671702E11     1251.7890938117564
4.652754590984975E-4     6.443332699748834E11     0.6813008415483153       6.443332699748834E11     1284.783467520608
4.662771285475793E-4     6.429490953884713E11     0.6719591007833619       6.429490953884713E11     1321.052797224281
4.672787979966611E-4     6.415708550982493E11     0.6620159738986896       6.415708550982493E11     1361.2160638720813
4.682804674457429E-4     6.40198511023173E11      0.6514102262638749       6.40198511023173E11      1406.1076301799678
4.692821368948247E-4     6.388320254073284E11     0.6400652525558703       6.388320254073284E11     1456.8400498305343
4.702838063439065E-4     6.374713608164713E11     0.6278823265092365       6.374713608164713E11     1514.9309250092033
4.7128547579298834E-4    6.361164801346085E11     0.6147297575951314       6.361164801346085E11     1582.5056589989297
4.722871452420701E-4     6.347673465606221E11     0.600424744843208        6.347673465606221E11     1662.634820466135
4.7328881469115193E-4    6.334239236049382E11     0.5847014896736316       6.334239236049382E11     1759.9231079981655
4.742904841402337E-4     6.320861750862372E11     0.5671517308836012       6.320861750862372E11     1881.5993349913383
4.752921535893155E-4     6.307540651282051E11     0.5471053214705203       6.307540651282051E11     2039.685333569353
4.7629382303839734E-4    6.294275581563267E11     0.5233664451764931       6.294275581563267E11     2255.731027990277
4.7729549248747916E-4    6.281066188947184E11     0.4935519679719252       6.281066188947184E11     2579.837569017569
4.782971619365609E-4     6.267912123630017E11     0.4521052578062974       6.267912123630017E11     3140.4442526380576
4.7929883138564275E-4    6.254813038732148E11     0.38243680356140025      6.254813038732148E11     4317.000948062598
4.803005008347245E-4     6.24176859026764E11      0.20685521526365866      6.24176859026764E11      7787.791673048732
4.8130217028380634E-4    6.228778437114116E11     0.8670031593375696       6.228778437114116E11     22047.078415408323
4.8230383973288816E-4    6.21584224098304E11      0.760482600916687        6.21584224098304E11      7719.219193133065
4.8330550918197E-4       6.202959666390327E11     0.6251849207870916       6.202959666390327E11     4296.457436012413
4.8430717863105175E-4    6.19013038062737E11      0.5609418809941349       6.19013038062737E11      3152.6618927438035
4.8530884808013357E-4    6.177354053732369E11     0.5178358251320618       6.177354053732369E11     2624.9692731734167
4.8631051752921534E-4    6.164630358462068E11     0.48327066747715164      6.164630358462068E11     2333.217175939715
4.8731218697829716E-4    6.151958970263789E11     0.45269796805622864      6.151958970263789E11     2155.873766250286
4.88313856427379E-4      6.139339567247863E11     0.42406454708599517      6.139339567247863E11     2039.0972130252599
4.893155258764608E-4     6.126771830160354E11     0.3962781717286581       6.126771830160354E11     1960.7769621613327
4.903171953255425E-4     6.114255442356146E11     0.3686573071778841       6.114255442356146E11     1912.0297718780441
4.913188647746244E-4     6.10179008977234E11      0.3406791979149739       6.10179008977234E11      1883.1156011832898
4.923205342237062E-4     6.089375460902001E11     0.3118105679319308       6.089375460902001E11     1876.97674296453
4.93322203672788E-4      6.07701124676819E11      0.28129790893656825      6.07701124676819E11      1897.0182206702357
4.943238731218698E-4     6.064697140898345E11     0.2477076188348429       6.064697140898345E11     1949.901030871559
4.953255425709516E-4     6.052432839298955E11     0.20742805809168757      6.052432839298955E11     2086.4806770638083
4.963272120200334E-4     6.040218040430541E11     0.1471358910187633       6.040218040430541E11     2437.243493593936
4.973288814691152E-4     6.028052445182948E11     0.05647114829174635      6.028052445182948E11     4372.097562103091
4.98330550918197E-4      6.015935756850922E11     0.39986908613376065      6.015935756850922E11     4888.931873535369
4.993322203672788E-4     6.003867681109996E11     0.23262017508262553      6.003867681109996E11     2903.281424179129
5.003338898163606E-4     5.99184792599266E11      0.17489563015631313      5.99184792599266E11      2457.0835833685987
5.013355592654424E-4     5.979876201864801E11     0.13467273150593478      5.979876201864801E11     2255.9859202722164
5.023372287145242E-4     5.96795222140246E11      0.10045208521448681      5.96795222140246E11      2138.548455349978
5.033388981636061E-4     5.956075699568821E11     0.06905791921658874      5.956075699568821E11     2059.4702600135347
5.043405676126878E-4     5.944246353591526E11     0.03933473735629962      5.944246353591526E11     2001.0471067023987
5.053422370617696E-4     5.932463902940205E11     0.011356910189426828     5.932463902940205E11     1954.9186961546332
5.063439065108514E-4     5.920728069304319E11     0.018498297802979746     5.920728069304319E11     1916.617087991027
5.073455759599333E-4     5.90903857657124E11      0.04546001730055612      5.90903857657124E11      1883.5377899586156
5.083472454090151E-4     5.897395150804597E11     0.07213959419948879      5.897395150804597E11     1854.0632372951745
5.093489148580968E-4     5.885797520222878E11     0.09831228044807716      5.885797520222878E11     1827.1404674499515
5.103505843071786E-4     5.87424541517828E11      0.12394870797757464      5.87424541517828E11      1802.0597830248323
5.113522537562604E-4     5.862738568135814E11     0.14903332477327846      5.862738568135814E11     1778.3306662606492
5.123539232053423E-4     5.851276713652655E11     0.17355084424720435      5.851276713652655E11     1755.6082346178964
5.133555926544241E-4     5.839859588357723E11     0.1974855307177587       5.839859588357723E11     1733.6475524691775
5.143572621035058E-4     5.828486930931516E11     0.22082209571864306      5.828486930931516E11     1712.2740765210012
5.153589315525877E-4     5.817158482086167E11     0.24354660020962737      5.817158482086167E11     1691.363854329338
5.163606010016694E-4     5.805873984545748E11     0.26564711668924146      5.805873984545748E11     1670.8298455184845
5.173622704507513E-4     5.794633183026783E11     0.2871141536722188       5.794633183026783E11     1650.6122191849784
5.183639398998331E-4     5.783435824219001E11     0.30794088785667817      5.783435824219001E11     1630.6713144471073
5.193656093489149E-4     5.772281656766312E11     0.32812324938995746      5.772281656766312E11     1610.9824359561323
5.203672787979967E-4     5.761170431247994E11     0.3476598978777237       5.761170431247994E11     1591.5319470257382
5.213689482470784E-4     5.750101900160103E11     0.3665521189747204       5.750101900160103E11     1572.314302365985
5.223706176961603E-4     5.739075817897092E11     0.38480366499718865      5.739075817897092E11     1553.3297757588566
5.233722871452421E-4     5.728091940733652E11     0.4024205579739725       5.728091940733652E11     1534.5827113374633
5.243739565943239E-4     5.717150026806749E11     0.41941086960040974      5.717150026806749E11     1516.0801756452745
5.253756260434057E-4     5.706249836097871E11     0.4357844894128409       5.706249836097871E11     1497.8309204228083
5.263772954924874E-4     5.695391130415479E11     0.4515528899494572       5.695391130415479E11     1479.8445887182786
5.273789649415693E-4     5.684573673377651E11     0.4667288955829064       5.684573673377651E11     1462.1311129053522
5.283806343906511E-4     5.673797230394945E11     0.4813264599936665       5.673797230394945E11     1444.7002647302209
5.293823038397329E-4     5.663061568653422E11     0.49536045584451754      5.663061568653422E11     1427.5613260239577
5.303839732888147E-4     5.652366457097891E11     0.5088464790661784       5.652366457097891E11     1410.7228551285784
5.313856427378965E-4     5.641711666415331E11     0.5218006692300708       5.641711666415331E11     1394.1925290263555
5.323873121869784E-4     5.631096969018501E11     0.5342395467406216       5.631096969018501E11     1377.9770450088313
5.333889816360601E-4     5.620522139029734E11     0.5461798669968531       5.620522139029734E11     1362.082068803538
5.343906510851419E-4     5.609986952264918E11     0.5576384912261398       5.609986952264918E11     1346.5122185312289
5.353923205342237E-4     5.599491186217649E11     0.5686322733622629       5.599491186217649E11     1331.2710758887204
5.363939899833055E-4     5.589034620043573E11     0.5791779621060444       5.589034620043573E11     1316.361217576683
5.373956594323874E-4     5.578617034544889E11     0.5892921171493252       5.578617034544889E11     1301.7842613622186
5.383973288814691E-4     5.568238212155039E11     0.5989910384517207       5.568238212155039E11     1287.5409222647038
5.393989983305509E-4     5.557897936923553E11     0.6082907074159053       5.557897936923553E11     1273.6310752828467
5.404006677796327E-4     5.547595994501082E11     0.6172067388042156       5.547595994501082E11     1260.0538218309948
5.414023372287145E-4     5.537332172124575E11     0.6257543422639509       5.537332172124575E11     1246.8075576862361
5.424040066777964E-4     5.527106258602646E11     0.6339482923758747       5.527106258602646E11     1233.8900407466147
5.434056761268782E-4     5.516918044301074E11     0.6418029062005463       5.516918044301074E11     1221.2984573319345
5.4440734557596E-4       5.506767321128488E11     0.6493320273687281       5.506767321128488E11     1209.0294860846582
5.454090150250417E-4     5.496653882522192E11     0.656549015836046        5.496653882522192E11     1197.0793588115075
5.464106844741235E-4     5.4865775234341583E11    0.663466742501082        5.4865775234341583E11    1185.4439178159892
5.474123539232054E-4     5.47653804031717E11      0.6700975879614566       5.47653804031717E11      1174.1186694566732
5.484140233722872E-4     5.466535231111111E11     0.6764534447585713       5.466535231111111E11     1163.0988337853726
5.49415692821369E-4      5.4565688952294135E11    0.6825457225312453       5.4565688952294135E11    1152.3793902428447
5.504173622704507E-4     5.446638833545648E11     0.6883853555668423       5.446638833545648E11     1141.955119451241
5.514190317195326E-4     5.4367448483802594E11    0.6939828122987609       5.4367448483802594E11    1131.8206412171696
5.524207011686144E-4     5.426886743487458E11     0.6993481063574617       5.426886743487458E11     1121.9704488866248
5.534223706176962E-4     5.417064324042232E11     0.7044908088327355       5.417064324042232E11     1112.3989402375853
5.54424040066778E-4      5.4072773966275214E11    0.7094200614521335       5.4072773966275214E11    1103.1004450997411
5.554257095158597E-4     5.397525769221521E11     0.7141445904223983       5.397525769221521E11     1094.0692499131126
5.564273789649416E-4     5.387809251185118E11     0.7186727207176831       5.387809251185118E11     1085.2996194316627
5.574290484140234E-4     5.3781276532494763E11    0.7230123906315769       5.3781276532494763E11    1076.7858157845267
5.584307178631052E-4     5.3684807875037366E11    0.7271711664390056       5.3684807875037366E11    1068.5221150985221
5.59432387312187E-4      5.3588684673828705E11    0.7311562570396112       5.3588684673828705E11    1060.5028218758468
5.604340567612688E-4     5.3492905076556445E11    0.7349745284765704       5.3492905076556445E11    1052.7222813179897
5.614357262103506E-4     5.3397467244127264E11    0.7386325182440041       5.3397467244127264E11    1045.1748897699006
5.624373956594324E-4     5.330236935054913E11     0.7421364493131039       5.330236935054913E11     1037.8551034510872
5.634390651085143E-4     5.320760958281481E11     0.7454922438211804       5.320760958281481E11     1030.7574456234759
5.64440734557596E-4      5.311318614078675E11     0.7487055363805953       5.311318614078675E11     1023.876512340187
5.654424040066778E-4     5.301909723708296E11     0.7517816869746569       5.301909723708296E11     1017.2069769005077
5.664440734557596E-4     5.292534109696434E11     0.7547257934169627       5.292534109696434E11     1010.743593130543
5.674457429048413E-4     5.2831915958223016E11    0.757542703357752        5.2831915958223016E11    1004.4811975923184
5.684474123539233E-4     5.273882007107195E11     0.7602370258270998       5.273882007107195E11     998.4147108153221
5.69449081803005E-4      5.264605169803577E11     0.762813142310929        5.264605169803577E11     992.5391376354328
5.704507512520868E-4     5.255360911384255E11     0.7652752173587407       5.255360911384255E11     986.8495667115958
5.714524207011686E-4     5.2461490605316974E11    0.7676272087265947       5.2461490605316974E11    981.3411692838685
5.724540901502505E-4     5.236969447127442E11     0.7698728770616552       5.236969447127442E11     976.009197225657
5.734557595993323E-4     5.2278219022416296E11    0.7720157951357989       5.2278219022416296E11    970.8489804356806
5.74457429048414E-4      5.218706258122639E11     0.7740593566393084       5.218706258122639E11     965.8559236004869
5.754590984974959E-4     5.2096223481868286E11    0.7760067845450777       5.2096223481868286E11    961.0255023574588
5.764607679465776E-4     5.2005700070083984E11    0.7778611390567615       5.2005700070083984E11    956.3532588719463
5.774624373956595E-4     5.191549070309338E11     0.7796253251528393       5.191549070309338E11     951.8347968419533
5.784641068447413E-4     5.1825593749494946E11    0.7813020997405481       5.1825593749494946E11    947.4657759210584
5.79465776293823E-4      5.173600758916739E11     0.7828940784334348       5.173600758916739E11     943.2419055608415
5.804674457429049E-4     5.1646730613172266E11    0.7844037419654488       5.1646730613172266E11    939.1589382433153
5.814691151919866E-4     5.155776122365777E11     0.7858334422554665       5.155776122365777E11     935.2126620809538
5.824707846410685E-4     5.146909783376325E11     0.7871854081349556       5.146909783376325E11     931.398892740102
5.834724540901503E-4     5.138073886752503E11     0.78846175075123         5.138073886752503E11     927.7134646386992
5.844741235392321E-4     5.1292682759782916E11    0.7896644686585412       5.1292682759782916E11    924.1760699461081
5.854757929883139E-4     5.1204927956087823E11    0.7907954526081195       5.1204927956087823E11    920.8234705240873
5.864774624373956E-4     5.11174729126103E11      0.7918564900471885       5.11174729126103E11      917.6592432079132
5.874791318864776E-4     5.1030316096050006E11    0.7928492693373979       5.1030316096050006E11    914.6743354427784
5.884808013355593E-4     5.09434559835461E11      0.7937753837003985       5.09434559835461E11      911.8687845834852
5.894824707846411E-4     5.08568910625885E11      0.7946363348985611       5.08568910625885E11      909.2422417149678
5.904841402337229E-4     5.0770619830930164E11    0.7954335366569333       5.0770619830930164E11    906.7847810787085
5.914858096828046E-4     5.0684640796500146E11    0.796168317831172        5.0684640796500146E11    904.5038170110087
5.924874791318866E-4     5.059895247731755E11     0.7968419253249823       5.059895247731755E11     902.3471079882739
5.934891485809683E-4     5.0513553401406476E11    0.7974555267587011       5.0513553401406476E11    900.2902115403617
5.944908180300501E-4     5.04284421067116E11      0.7980102128881543       5.04284421067116E11      898.3297763717877
5.954924874791319E-4     5.0343617141014856E11    0.7985069997715653       5.0343617141014856E11    896.4623800797191
5.964941569282137E-4     5.025907706185278E11     0.7989468306790151       5.025907706185278E11     894.6845115091647
5.974958263772956E-4     5.0174820436434753E11    0.7993305777352493       5.0174820436434753E11    892.9925508558124
5.984974958263773E-4     5.0090845841562067E11    0.7996590432844172       5.0090845841562067E11    891.3827471501834
5.994991652754592E-4     5.0007151863547754E11    0.7999329609589593       5.0007151863547754E11    889.8511926402845
6.005008347245409E-4     4.9923737098137335E11    0.8001529964305716       4.9923737098137335E11    888.3937935370918
6.015025041736227E-4     4.9840600150430194E11    0.8003197478142458       4.9840600150430194E11    887.0062364509938
6.025041736227046E-4     4.975773963480188E11     0.8004337456873509       4.975773963480188E11     885.6839497013218
6.035058430717863E-4     4.967515417482711E11     0.8004954526766135       4.967515417482711E11     887.2656531716977
6.045075125208682E-4     4.9592842403203534E11    0.8005052625515842       4.9592842403203534E11    889.4173216204641
6.055091819699499E-4     4.951080296167632E11     0.8004634987475994       4.951080296167632E11     891.7796940737927
6.065108514190317E-4     4.942903450096339E11     0.8003704122202214       4.942903450096339E11     894.363834227289
6.075125208681136E-4     4.93475356806815E11      0.8002261785057172       4.93475356806815E11      897.1823734626694
6.085141903171954E-4     4.9266305169272974E11    0.8000308938277292       4.9266305169272974E11    900.2497689605763
6.095158597662772E-4     4.9185341643933167E11    0.7997845700444068       4.9185341643933167E11    903.582615851797
6.105175292153589E-4     4.9104643790538696E11    0.7994871281700596       4.9104643790538696E11    907.200027036174
6.115191986644408E-4     4.9024210303576294E11    0.7991383901249173       4.9024210303576294E11    911.1240983683592
6.125208681135226E-4     4.89440398860725E11      0.7987380682589887       4.89440398860725E11      915.3804823932712
6.135225375626044E-4     4.886413124952381E11     0.7982857520486177       4.886413124952381E11     919.9991013021978
6.145242070116862E-4     4.8784483113827765E11    0.797780891162713        4.8784483113827765E11    925.0150400800236
6.155258764607679E-4     4.870509420721454E11     0.79722277381533         4.870509420721454E11     930.469675184127
6.165275459098498E-4     4.8625963266179254E11    0.7966104989238867       4.8625963266179254E11    936.4121143920787
6.175292153589316E-4     4.854708903541498E11     0.7959429400289075       4.854708903541498E11     942.9010525024053
6.185308848080134E-4     4.846847026774629E11     0.7952186981091446       4.846847026774629E11     950.0071898140463
6.195325542570952E-4     4.839010572406359E11     0.7944360392180988       4.839010572406359E11     957.816422686691
6.205342237061769E-4     4.831199417325801E11     0.7935928110529471       4.831199417325801E11     966.4341093108956
6.215358931552588E-4     4.8234134392156854E11    0.7926863297922846       4.8234134392156854E11    975.9908576912394
6.225375626043405E-4     4.815652516545991E11     0.7917132241994304       4.815652516545991E11     986.650508246272
6.235392320534224E-4     4.807916528567604E11     0.7906692170435079       4.807916528567604E11     998.6213451365645
6.245409015025042E-4     4.8002053553060675E11    0.7895488124746991       4.8002053553060675E11    1012.1721663498552
6.25542570951586E-4      4.792518877555377E11     0.7883448386604499       4.792518877555377E11     1027.6558541441684
6.265442404006678E-4     4.784856976871836E11     0.787047761140536        4.784856976871836E11     1045.544863139695
6.275459098497495E-4     4.77721953556797E11      0.7856446207730786       4.77721953556797E11      1066.4862821074428
6.285475792988315E-4     4.769606436706507E11     0.7841173330384393       4.769606436706507E11     1091.3902988983764
6.295492487479132E-4     4.762017564094404E11     0.7824398510488045       4.762017564094404E11     1121.5782846323243
6.30550918196995E-4      4.75445280227694E11      0.7805731959756895       4.75445280227694E11      1159.0431194350238
6.315525876460768E-4     4.7469120365318524E11    0.7784562175736437       4.7469120365318524E11    1206.9349278017983
6.325542570951585E-4     4.739395152863553E11     0.77598709122942         4.739395152863553E11     1270.5372034727316
6.335559265442405E-4     4.7319020379973645E11    0.7729825488846144       4.7319020379973645E11    1359.4244998881336
6.345575959933222E-4     4.7244325793738495E11    0.7690757706398823       4.7244325793738495E11    1492.880895099236
6.35559265442404E-4      4.7169866651431573E11    0.7634094255689208       4.7169866651431573E11    1716.2164794949772
6.365609348914858E-4     4.709564184159455E11     0.7534057420007453       4.709564184159455E11     2166.149708653663
6.375626043405677E-4     4.7021650259753864E11    0.7262049401792805       4.7021650259753864E11    3550.2367318338625
6.385642737896495E-4     4.694789080836601E11     0.8606987613710287       4.694789080836601E11     28353.68223318198
6.395659432387312E-4     4.6874362396763245E11    0.8229981291723776       4.6874362396763245E11    3477.653276896854
6.405676126878131E-4     4.680106394109981E11     0.7974689241451487       4.680106394109981E11     2177.9750421824006
6.415692821368948E-4     4.6727994364298724E11    0.7875536589937456       4.6727994364298724E11    1770.0828568602808
6.425709515859767E-4     4.6655152595998956E11    0.7816459868024782       4.6655152595998956E11    1570.5456730304236
6.435726210350585E-4     4.658253757250324E11     0.7773278342626441       4.658253757250324E11     1453.7025055265144
6.445742904841402E-4     4.651014823672624E11     0.7737814120727243       4.651014823672624E11     1377.8416970575868
6.455759599332221E-4     4.6437983538143256E11    0.7706532820805302       4.6437983538143256E11    1325.213476499599
6.465776293823038E-4     4.6366042432739484E11    0.7677655483020795       4.6366042432739484E11    1287.0111835183375
6.475792988313856E-4     4.629432388295952E11     0.7650187167791609       4.629432388295952E11     1258.3790464158749
6.485809682804675E-4     4.622282685765766E11     0.7623526184608979       4.622282685765766E11     1236.4242324895868
6.495826377295493E-4     4.6151550332048315E11    0.7597285770428873       4.6151550332048315E11    1219.3178920214255
6.505843071786311E-4     4.6080493287657166E11    0.7571204671594649       4.6080493287657166E11    1205.8480917711538
6.515859766277128E-4     4.600965471227261E11     0.7545098889386427       4.600965471227261E11     1195.180371845233
6.525876460767948E-4     4.593903359989767E11     0.7518834058185375       4.593903359989767E11     1186.7216306628052
6.535893155258765E-4     4.586862895070243E11     0.7492308849364732       4.586862895070243E11     1180.0388619060532
6.545909849749583E-4     4.579843977097679E11     0.7465444587159275       4.579843977097679E11     1174.8086051089372
6.555926544240401E-4     4.5728465073083777E11    0.7438178523613487       4.5728465073083777E11    1170.7843833731424
6.565943238731218E-4     4.565870387541317E11     0.741045935224865        4.565870387541317E11     1167.775086589565
6.575959933222038E-4     4.558915520233561E11     0.738224413715565        4.558915520233561E11     1165.6302395463567
6.585976627712855E-4     4.5519818084157166E11    0.7353496162996727       4.5519818084157166E11    1164.2297278810045
6.595993322203673E-4     4.545069155707416E11     0.7324183399546265       4.545069155707416E11     1163.4764849568717
6.606010016694491E-4     4.538177466312863E11     0.7294277385641329       4.538177466312863E11     1163.2911904629784
6.616026711185309E-4     4.5313066450164014E11    0.7263752405217786       4.5313066450164014E11    1163.608363793659
6.626043405676128E-4     4.52445659717813E11      0.7232584870505618       4.52445659717813E11      1164.3734422496868
6.636060100166945E-4     4.51762722872956E11      0.7200752854611755       4.51762722872956E11      1165.5405661643615
6.646076794657764E-4     4.5108184461693036E11    0.716823573348575        4.5108184461693036E11    1167.0708791302259
6.656093489148581E-4     4.504030156558816E11     0.7135013909125211       4.504030156558816E11     1168.931208731541
6.666110183639399E-4     4.497262267518157E11     0.7101068593908305       4.497262267518157E11     1171.0930319006143
6.676126878130218E-4     4.4905146872218054E11    0.7066381641511617       4.4905146872218054E11    1173.5316556522228
6.686143572621035E-4     4.4837873243945074E11    0.7030935413745895       4.4837873243945074E11    1176.225562537794
6.696160267111854E-4     4.4770800883071545E11    0.6994712675410538       4.4770800883071545E11    1179.1558833325255
6.706176961602671E-4     4.470392888772716E11     0.6957696511253847       4.470392888772716E11     1182.3059688954277
6.716193656093489E-4     4.463725636142182E11     0.6919870260568645       4.463725636142182E11     1185.6610400040836
6.726210350584308E-4     4.4570782413005707E11    0.6881217466008936       4.4570782413005707E11    1189.2078989785093
6.736227045075126E-4     4.450450615662949E11     0.6841721834024075       4.450450615662949E11     1192.9346906406631
6.746243739565944E-4     4.4438426711705023E11    0.6801367204867088       4.4438426711705023E11    1196.8307029412065
6.756260434056761E-4     4.437254320286632E11     0.676013753061785        4.437254320286632E11     1200.8861996928401
6.76627712854758E-4      4.430685475993091E11     0.6718016859971667       4.430685475993091E11     1205.0922794525986
6.776293823038397E-4     4.424136051786154E11     0.6674989328833095       4.424136051786154E11     1209.44075582547
6.786310517529216E-4     4.417605961672817E11     0.6631039155938592       4.417605961672817E11     1213.9240554211306
6.796327212020034E-4     4.411095120167035E11     0.6586150642904464       4.411095120167035E11     1218.5351304286173
6.806343906510851E-4     4.404603442285995E11     0.6540308178210055       4.404603442285995E11     1223.2673833707022
6.81636060100167E-4      4.398130843546412E11     0.6493496244731717       4.398130843546412E11     1228.1146020432695
6.826377295492487E-4     4.3916772399608704E11    0.6445699430515376       4.3916772399608704E11    1233.0709030254752
6.836393989983306E-4     4.3852425480341876E11    0.6396902442538002       4.3852425480341876E11    1238.1306824314047
6.846410684474124E-4     4.3788266847598145E11    0.634709012325335        4.3788266847598145E11    1243.288572808574
6.856427378964942E-4     4.3724295676162646E11    0.6296247469766117       4.3724295676162646E11    1248.5394052857735
6.86644407345576E-4      4.366051114563578E11     0.6244359655486378       4.366051114563578E11     1253.878176214711
6.876460767946577E-4     4.3596912440398157E11    0.6191412054163269       4.3596912440398157E11    1259.3000176900364
6.886477462437397E-4     4.3533498749575745E11    0.6137390266200855       4.3533498749575745E11    1264.8001714233474
6.896494156928214E-4     4.347026926700557E11     0.6082280147172178       4.347026926700557E11     1270.3739655431268
6.906510851419032E-4     4.3407223191201355E11    0.6026067838459136       4.3407223191201355E11    1276.0167939523017
6.91652754590985E-4      4.334435972531981E11     0.5968739799951243       4.334435972531981E11     1281.7240979378037
6.926544240400667E-4     4.328167807712702E11     0.5910282844742493       4.328167807712702E11     1287.4913497871505
6.936560934891487E-4     4.32191774589651E11      0.5850684175752799       4.32191774589651E11      1293.3140381798594
6.946577629382304E-4     4.31568570877193E11      0.5789931424219271       4.31568570877193E11      1299.1876551900298
6.956594323873122E-4     4.309471618478522E11     0.5728012689976936       4.309471618478522E11     1305.1076847362856
6.96661101836394E-4      4.3032753976036426E11    0.5664916583461586       4.3032753976036426E11    1311.0695923633423
6.976627712854759E-4     4.297096969179229E11     0.5600632269344219       4.297096969179229E11     1317.0688162366919
6.986644407345577E-4     4.290936256678613E11     0.5535149511713773       4.290936256678613E11     1323.1007592731178
6.996661101836394E-4     4.284793184013362E11     0.546845872069864        4.284793184013362E11     1329.1607823261998
7.006677796327213E-4     4.2786676755301404E11    0.5400551000417794       4.2786676755301404E11    1335.244198371765
7.01669449081803E-4      4.2725596560076135E11    0.5331418198138272       4.2725596560076135E11    1341.346267636469
7.026711185308848E-4     4.266469050653362E11     0.5261052954501847       4.266469050653362E11     1347.4621936351373
7.036727879799667E-4     4.26039578510083E11      0.5189448754657779       4.26039578510083E11      1353.5871200790282
7.046744574290484E-4     4.254339785406302E11     0.5116599980156384       4.254339785406302E11     1359.7161286306164
7.056761268781303E-4     4.248300978045895E11     0.5042501961397002       4.248300978045895E11     1365.8442374798537
7.06677796327212E-4      4.2422792899125916E11    0.4967151030455581       4.2422792899125916E11    1371.9664007268714
7.076794657762938E-4     4.236274648313281E11     0.4890544574058741       4.236274648313281E11     1378.0775085584353
7.086811352253757E-4     4.2302869809658417E11    0.48126810864994385      4.2302869809658417E11    1384.172388197606
7.096828046744575E-4     4.224316215996236E11     0.47335602222244905      4.224316215996236E11     1390.2458056273551
7.106844741235393E-4     4.2183622819356354E11    0.46531828478497517      4.2183622819356354E11    1396.2924680706985
7.11686143572621E-4      4.2124251077175696E11    0.4571551093335803       4.2124251077175696E11    1402.307027219431
7.12687813021703E-4      4.206504622675099E11     0.44886684020110545      4.206504622675099E11     1408.2840832047534
7.136894824707847E-4     4.200600756538012E11     0.44045395791729164      4.200600756538012E11     1414.2181892981946
7.146911519198665E-4     4.194713439430039E11     0.4319170838928014       4.194713439430039E11     1420.1038573271808
7.156928213689483E-4     4.1888426018661066E11    0.4232569848976752       4.1888426018661066E11    1425.9355637994274
7.1669449081803E-4       4.182988174749592E11     0.4144745772978937       4.182988174749592E11     1431.7077567098986
7.17696160267112E-4      4.1771500893696204E11    0.405570931020308        4.1771500893696204E11    1437.414863023604
7.186978297161937E-4     4.1713282773983734E11    0.39654727320888516      4.1713282773983734E11    1443.051296798291
7.196994991652755E-4     4.1655226708884247E11    0.3874049915396927       4.1655226708884247E11    1448.6114679412776
7.207011686143573E-4     4.1597332022700946E11    0.3781456371608703       4.1597332022700946E11    1454.0897915461726
7.217028380634391E-4     4.153959804348831E11     0.36877092722349786      4.153959804348831E11     1459.4806978015479
7.22704507512521E-4      4.14820241030261E11      0.35928274697111423      4.14820241030261E11      1464.7786424165838
7.237061769616027E-4     4.142460953679354E11     0.34968315135665196      4.142460953679354E11     1469.978117537384
7.247078464106846E-4     4.1367353683943787E11    0.3399743661561207       4.1367353683943787E11    1475.0736630934455
7.257095158597663E-4     4.131025588727858E11     0.33015878855129166      4.131025588727858E11     1480.0598785389643
7.267111853088481E-4     4.1253315493223065E11    0.3202389871557441       4.1253315493223065E11    1484.9314349268375
7.2771285475793E-4       4.119653185180087E11     0.3102177014600705       4.119653185180087E11     1489.6830872620712
7.287145242070117E-4     4.1139904316609393E11    0.3000978406761654       4.1139904316609393E11    1494.3096870704483
7.297161936560936E-4     4.108343224479524E11     0.28988248196373817      4.108343224479524E11     1498.8061951216039
7.307178631051753E-4     4.1027114997029926E11    0.2795748680250091       4.1027114997029926E11    1503.1676942337867
7.317195325542571E-4     4.0970951937485736E11    0.26917840405807064      4.0970951937485736E11    1507.3894020949142
7.32721202003339E-4      4.09149424338118E11      0.25869665406477427      4.09149424338118E11      1511.4666840219086
7.337228714524208E-4     4.0859085857110345E11    0.2481333365110556       4.0859085857110345E11    1515.395065589765
7.347245409015026E-4     4.0803381581913196E11    0.2374923193459534       4.0803381581913196E11    1519.170245046113
7.357262103505843E-4     4.074782898615838E11     0.22677761438841235      4.074782898615838E11     1522.78810544538
7.367278797996662E-4     4.0692427451167004E11    0.21599337109830286      4.0692427451167004E11    1526.2447264157572
7.37729549248748E-4      4.063717636162027E11     0.20514386975482093      4.063717636162027E11     1529.5363954934578
7.387312186978298E-4     4.058207510553672E11     0.19423351407130499      4.058207510553672E11     1532.6596189396416
7.397328881469116E-4     4.05271230742496E11      0.18326682328653482      4.05271230742496E11      1535.611131979118
7.407345575959933E-4     4.04723196623845E11      0.17224842378260302      4.04723196623845E11      1538.3879083829286
7.417362270450752E-4     4.041766426783704E11     0.1611830402947797       4.041766426783704E11     1540.9871693390667
7.42737896494157E-4      4.036315629175096E11     0.1500754868012073       4.036315629175096E11     1543.4063915311344
7.437395659432388E-4     4.030879513849607E11     0.1389306572143359       4.030879513849607E11     1545.643314407619
7.447412353923206E-4     4.0254580215646716E11    0.12775351605689214      4.0254580215646716E11    1547.6959465357081
7.457429048414024E-4     4.020051093396015E11     0.1165490894097488       4.020051093396015E11     1549.5625710545655
7.467445742904842E-4     4.0146586707355237E11    0.10532245662690332      4.0146586707355237E11    1551.2417501399789
7.477462437395659E-4     4.009280695289127E11     0.09407874373476806      4.009280695289127E11     1552.7323284873173
7.487479131886479E-4     4.003917109074693E11     0.08282312037313307      4.003917109074693E11     1554.033435763408
7.497495826377296E-4     3.9985678544199506E11    0.07156080439380233      3.9985678544199506E11    1555.1444880318525
7.507512520868114E-4     3.993232873960418E11     0.06029708427949911      3.993232873960418E11     1556.0651881226995
7.517529215358932E-4     3.987912110637352E11     0.04903738803861918      3.987912110637352E11     1556.7955249692802
7.527545909849749E-4     3.98260550769572E11      0.03778749509002114      3.98260550769572E11      1557.3357718981392
7.537562604340569E-4     3.97731300868217E11      0.026554312950448612     3.97731300868217E11      1557.68648390576
7.547579298831386E-4     3.972034557443043E11     0.015350096670017226     3.972034557443043E11     1557.8484939300008
7.557595993322204E-4     3.966770098122377E11     0.004263515113570448     3.966770098122377E11     1557.8229081548925
7.567612687813022E-4     3.961519575159938E11     0.007151809782739875     3.961519575159938E11     1557.6111003820424
7.577629382303839E-4     3.9562829332892706E11    0.018233713371716965     3.9562829332892706E11    1557.2147055137232
7.587646076794659E-4     3.951060117535753E11     0.029319779010824838     3.951060117535753E11     1556.635612191955
7.597662771285476E-4     3.945851073214678E11     0.04037077209372907      3.945851073214678E11     1555.875954650994
7.607679465776294E-4     3.9406557459293396E11    0.051377383587057304     3.9406557459293396E11    1554.938103842812
7.617696160267112E-4     3.935474081569143E11     0.06233380358374044      3.935474081569143E11     1553.824657891874
7.62771285475793E-4      3.930306026307726E11     0.07323517670753739      3.930306026307726E11     1552.5384319498983
7.637729549248749E-4     3.925151526601092E11     0.0840770619879546       3.925151526601092E11     1551.0824475207842
7.647746243739566E-4     3.920010529185767E11     0.09485527231164542      3.920010529185767E11     1549.45992131386
7.657762938230385E-4     3.914882981076956E11     0.10556581727577437      3.914882981076956E11     1547.6742537169955
7.667779632721202E-4     3.909768829566732E11     0.11620488097875983      3.909768829566732E11     1545.7290169338517
7.67779632721202E-4      3.904668022222222E11     0.1267688133489877       3.904668022222222E11     1543.6279428855785
7.687813021702839E-4     3.899580506883822E11     0.1372541271637361       3.899580506883822E11     1541.3749109216913
7.697829716193656E-4     3.8945062316634143E11    0.14765749751726404      3.8945062316634143E11    1538.9739354300077
7.707846410684475E-4     3.8894451449426025E11    0.1579757622730629       3.8894451449426025E11    1536.4291533951523
7.717863105175292E-4     3.884397195370971E11     0.1682059227928115       3.884397195370971E11     1533.7448119864132
7.72787979966611E-4      3.8793623318643335E11    0.17834514458310724      3.8793623318643335E11    1530.9252562217791
7.737896494156929E-4     3.8743405036030206E11    0.18839075767406735      3.8743405036030206E11    1527.9749167765171
7.747913188647747E-4     3.8693316600301654E11    0.198340256630501        3.8693316600301654E11    1524.8982979887412
7.757929883138565E-4     3.8643357508500104E11    0.2081913001529882       3.8643357508500104E11    1521.6999661123941
7.767946577629382E-4     3.8593527260262195E11    0.21794171024830766      3.8593527260262195E11    1518.3845378592541
7.777963272120202E-4     3.85438253578021E11      0.22758947097086743      3.85438253578021E11      1514.9566692882013
7.787979966611019E-4     3.849425130589496E11     0.23713272674470287      3.849425130589496E11     1511.421045059992
7.797996661101837E-4     3.844480461186041E11     0.24656978028625137      3.844480461186041E11     1507.7823681071209
7.808013355592655E-4     3.839548478554629E11     0.25589909014828843      3.839548478554629E11     1504.0453497411993
7.818030050083472E-4     3.834629133931241E11     0.26511926791242196      3.834629133931241E11     1500.2147002278432
7.828046744574292E-4     3.8297223788014496E11    0.2742290750564585       3.8297223788014496E11    1496.2951198446308
7.838063439065109E-4     3.824828164898829E11     0.2832274195275371       3.824828164898829E11     1492.291290446304
7.848080133555927E-4     3.819946444203361E11     0.2921133520478264       3.819946444203361E11     1488.207867544138
7.858096828046745E-4     3.815077168939877E11     0.3008860621847887       3.815077168939877E11     1484.0494729196203
7.868113522537563E-4     3.8102202915764905E11    0.3095448742137503       3.8102202915764905E11    1479.820687763023
7.878130217028381E-4     3.8053757648230554E11    0.3180892428019588       3.8053757648230554E11    1475.5260463567076
7.888146911519199E-4     3.8005435416296295E11    0.3265187485428014       3.8005435416296295E11    1471.1700302918557
7.898163606010018E-4     3.79572357518495E11      0.3348330933663673       3.79572357518495E11      1466.757063225885
7.908180300500835E-4     3.790915818914925E11     0.3430320958528995       3.790915818914925E11     1462.2915061656684
7.918196994991654E-4     3.786120226481129E11     0.35111568647371505      3.786120226481129E11     1457.7776532778437
7.928213689482471E-4     3.781336751779321E11     0.3590839027834391       3.781336751779321E11     1453.2197282139007
7.938230383973289E-4     3.77656534893796E11      0.3669368845848551       3.77656534893796E11      1448.6218809424356
7.948247078464108E-4     3.7718059723167395E11    0.37467486908770264      3.7718059723167395E11    1443.988185071581
7.958263772954925E-4     3.767058576505139E11     0.38229818608075355      3.767058576505139E11     1439.3226356602433
7.968280467445744E-4     3.7623231163209717E11    0.3898072531338383       3.7623231163209717E11    1434.6291474888212
7.978297161936561E-4     3.757599546808955E11     0.3972025708475038       3.757599546808955E11     1429.9115537921994
7.988313856427379E-4     3.75288782323929E11      0.4044847181639653       3.75288782323929E11      1425.1736054291594
7.998330550918198E-4     3.748187901106241E11     0.4116543477532653       3.748187901106241E11     1420.4189704817393
8.008347245409015E-4     3.7434997361267456E11    0.4187121814867343       3.7434997361267456E11    1415.6512342648264
8.018363939899834E-4     3.738823284239017E11     0.4256590060074136       3.738823284239017E11     1410.8738997386856
8.028380634390651E-4     3.7341585016011646E11    0.4324956684088358       3.7341585016011646E11    1406.0903883070755
8.038397328881471E-4     3.729505344589823E11     0.4392230720279901       3.729505344589823E11     1401.304040990057
8.048414023372288E-4     3.7248637697987964E11    0.4458421723604233       3.7248637697987964E11    1396.5181199651909
8.058430717863105E-4     3.7202337340377045E11    0.4523539731046659       3.7202337340377045E11    1391.7358104635834
8.068447412353924E-4     3.715615194330643E11     0.4587595223376193       3.715615194330643E11     1386.9602230108815
8.078464106844741E-4     3.7110081079148584E11    0.46505990882839504      3.7110081079148584E11    1382.194396016773
8.088480801335561E-4     3.7064124322394214E11    0.47125625849101943      3.7064124322394214E11    1377.4412986980499
8.098497495826378E-4     3.7018281249639246E11    0.47734973097948186      3.7018281249639246E11    1372.7038343399745
8.108514190317195E-4     3.697255143957175E11     0.483341516425692        3.697255143957175E11     1367.984843896583
8.118530884808014E-4     3.6926934472959076E11    0.4892328323221073       3.6926934472959076E11    1363.2871099329338
8.128547579298831E-4     3.6881429932635034E11    0.4950249205484612       3.6881429932635034E11    1358.613360912629
8.138564273789651E-4     3.683603740348717E11     0.500719044542375        3.683603740348717E11     1353.9662758492059
8.148580968280468E-4     3.6790756472444165E11    0.5063164866133647       3.6790756472444165E11    1349.3484893232765
8.158597662771285E-4     3.6745586728463275E11    0.511818545398454        3.6745586728463275E11    1344.7625968979223
8.168614357262104E-4     3.670052776251788E11     0.5172265334582634       3.670052776251788E11     1340.211160946699
8.178631051752921E-4     3.6655579167585223E11    0.5225417750120668       3.6655579167585223E11    1335.6967169236161
8.188647746243741E-4     3.661074053863404E11     0.5277656038086913       3.661074053863404E11     1331.2217801138634
8.198664440734558E-4     3.65660114726125E11      0.532899361132263        3.65660114726125E11      1326.788852905018
8.208681135225377E-4     3.6521391568436035E11    0.5379443939399229       3.6521391568436035E11    1322.4004326294726
8.218697829716194E-4     3.647688042697542E11     0.5429020531292188       3.647688042697542E11     1318.059020036923
8.228714524207011E-4     3.6432477651044836E11    0.5477736919334883       3.6432477651044836E11    1313.7671284669939
8.238731218697831E-4     3.638818284539007E11     0.5525606644423354       3.638818284539007E11     1309.52729380398
8.248747913188648E-4     3.634399561667679E11     0.5572643242453222       3.634399561667679E11     1305.3420853074645
8.258764607679467E-4     3.629991557347887E11     0.5618860231982795       3.629991557347887E11     1301.2141174359363
8.268781302170284E-4     3.6255942326266907E11    0.566427110309234        3.6255942326266907E11    1297.146062788476
8.278797996661101E-4     3.6212075487396655E11    0.5708889307436366       3.6212075487396655E11    1293.1406663232456
8.288814691151921E-4     3.616831467109768E11     0.5752728249490815       3.616831467109768E11     1289.2007610297908
8.298831385642738E-4     3.612465949346208E11     0.5795801278980532       3.612465949346208E11     1285.3292852637946
8.308848080133557E-4     3.6081109572433185E11    0.5838121684511419       3.6081109572433185E11    1281.5293020023998
8.318864774624374E-4     3.60376645277945E11      0.5879702688413007       3.60376645277945E11      1277.8040202972784
8.328881469115194E-4     3.5994323981158545E11    0.5920557442826586       3.5994323981158545E11    1274.1568192824302
8.338898163606011E-4     3.595108755595595E11     0.5960699027069477       3.595108755595595E11     1270.5912751381068
8.348914858096828E-4     3.590795487742452E11     0.6000140446346325       3.590795487742452E11     1267.111191499506
8.358931552587647E-4     3.586492557259836E11     0.603889463186411        3.586492557259836E11     1263.7206338811916
8.368948247078464E-4     3.582199927029723E11     0.6076974442459303       3.582199927029723E11     1260.4239688172622
8.378964941569284E-4     3.5779175601115753E11    0.611439266785609        3.5779175601115753E11    1257.2259085341584
8.388981636060101E-4     3.5736454197412933E11    0.6151162033708997       3.5736454197412933E11    1254.131562165227
8.398998330550918E-4     3.569383469330153E11     0.618729520863058        3.569383469330153E11     1251.1464947054274
8.409015025041737E-4     3.565131672463768E11     0.6222804813450091       3.565131672463768E11     1248.2767951823116
8.419031719532554E-4     3.560889992901051E11     0.625770343300853        3.560889992901051E11     1245.529155835587
8.429048414023373E-4     3.5566583945731824E11    0.6292003630879967       3.5566583945731824E11    1242.9109645013411
8.439065108514191E-4     3.5524368415825916E11    0.6325717967500104       3.5524368415825916E11    1240.4304129362802
8.44908180300501E-4      3.548225298201936E11     0.6358859022317589       3.548225298201936E11     1238.0966244389317
8.459098497495827E-4     3.5440237288731E11       0.6391439420719919       3.5440237288731E11       1235.9198050038142
8.469115191986644E-4     3.53983209820619E11      0.6423471866720782       3.53983209820619E11      1233.911423295846
8.479131886477463E-4     3.535650370978539E11     0.6454969182631168       3.535650370978539E11     1232.0844261578648
8.489148580968281E-4     3.531478512133726E11     0.6485944357293428       3.531478512133726E11     1230.4534982046293
8.4991652754591E-4       3.5273164867805927E11    0.6516410604913792       3.5273164867805927E11    1229.0353764770296
8.509181969949917E-4     3.52316426019227E11      0.6546381437120739       3.52316426019227E11      1227.849234378548
8.519198664440734E-4     3.519021797805213E11     0.6575870751698464       3.519021797805213E11     1226.9171534549312
8.529215358931553E-4     3.514889065218242E11     0.6604892942529398       3.514889065218242E11     1226.2647074963477
8.539232053422371E-4     3.510766028191593E11     0.6633463036793694       3.510766028191593E11     1225.9216915359593
8.54924874791319E-4      3.5066526526459674E11    0.6661596867542832       3.5066526526459674E11    1225.9230395836382
8.559265442404007E-4     3.5025489046615955E11    0.6689311292711755       3.5025489046615955E11    1226.3099907661167
8.569282136894826E-4     3.498454750477303E11     0.6716624475773083       3.498454750477303E11     1227.1315860932827
8.579298831385643E-4     3.4943701564895886E11    0.6743556249267683       3.4943701564895886E11    1228.4466107130274
8.589315525876461E-4     3.490295089251701E11     0.6770128591252359       3.490295089251701E11     1230.3261444654022
8.59933222036728E-4      3.486229515472723E11     0.6796366257873752       3.486229515472723E11     1232.856955231213
8.609348914858097E-4     3.482173402016676E11     0.6822297635302231       3.482173402016676E11     1236.1460788521363
8.619365609348916E-4     3.478126715901607E11     0.6847955905345254       3.478126715901607E11     1240.327099432324
8.629382303839733E-4     3.4740894242987036E11    0.6873380668502805       3.4740894242987036E11    1245.5689146792167
8.639398998330551E-4     3.4700614945314014E11    0.6898620248805881       3.4700614945314014E11    1252.0882136125992
8.64941569282137E-4      3.466042894074503E11     0.6923735040057303       3.466042894074503E11     1260.1676386339416
8.659432387312187E-4     3.462033590553306E11     0.6948802487556047       3.462033590553306E11     1270.1828982499876
8.669449081803006E-4     3.45803355174273E11      0.6973924721100376       3.45803355174273E11      1282.6444310325905
8.679465776293823E-4     3.454042745566455E11     0.699924064631788        3.454042745566455E11     1298.2636145938684
8.689482470784643E-4     3.450061140096061E11     0.7024945860761657       3.450061140096061E11     1318.0621998212564
8.69949916527546E-4      3.446088703550182E11     0.7051327017424744       3.446088703550182E11     1343.5618543120265
8.709515859766277E-4     3.4421254042936554E11    0.7078824544823231       3.4421254042936554E11    1377.1315949494165
8.719532554257096E-4     3.438171210836684E11     0.7108155375279459       3.438171210836684E11     1422.670908970638
8.729549248747913E-4     3.4342260918340027E11    0.7140575362046091       3.4342260918340027E11    1487.0784654767863
8.739565943238733E-4     3.430290016084049E11     0.7178510253355082       3.430290016084049E11     1583.8064296565149
8.74958263772955E-4      3.4263629525281433E11    0.7227343369302923       3.4263629525281433E11    1743.0100200386025
8.759599332220367E-4     3.422444870249666E11     0.73019192339202         3.422444870249666E11     2048.8599776332585
8.769616026711186E-4     3.4185357384732526E11    0.7463594782623841       3.4185357384732526E11    2855.8959768092805
8.779632721202003E-4     3.4146355265639856E11    0.8610007330988915       3.4146355265639856E11    10162.336478720525
8.789649415692823E-4     3.4107442040265906E11    0.6614285363782189       3.4107442040265906E11    4156.79571854757
8.79966611018364E-4      3.4068617405046484E11    0.6953672795639305       3.4068617405046484E11    2331.44282977856
8.809682804674459E-4     3.4029881057797986E11    0.7058044283308925       3.4029881057797986E11    1833.3089407668026
8.819699499165276E-4     3.399123269770963E11     0.7115511255481408       3.399123269770963E11     1601.141702418759
8.829716193656093E-4     3.39526720253356E11      0.7155583990852118       3.39526720253356E11      1466.539941361658
8.839732888146913E-4     3.391419874258734E11     0.718720876641011        3.391419874258734E11     1378.3882447804274
8.84974958263773E-4      3.3875812552725903E11    0.7214023415400612       3.3875812552725903E11    1315.939559047291
8.859766277128549E-4     3.383751316035425E11     0.723778740361484        3.383751316035425E11     1269.193037885311
8.869782971619366E-4     3.379930027140975E11     0.7259456736109466       3.379930027140975E11     1232.7390321205223
8.879799666110183E-4     3.376117359315661E11     0.7279596522081276       3.376117359315661E11     1203.3976700452731
8.889816360601003E-4     3.37231328341784E11      0.7298562984208963       3.37231328341784E11      1179.1781991970245
8.89983305509182E-4      3.368517770437066E11     0.7316592417554358       3.368517770437066E11     1158.7710686854602
8.909849749582639E-4     3.364730791493348E11     0.7333848239162548       3.364730791493348E11     1141.2797153541894
8.919866444073456E-4     3.3609523178364215E11    0.7350447485813212       3.3609523178364215E11    1126.0697543357778
8.929883138564276E-4     3.357182320845017E11     0.7366476522854666       3.357182320845017E11     1112.6797199133616
8.939899833055093E-4     3.353420772026144E11     0.7382000763645911       3.353420772026144E11     1100.7659282426737
8.94991652754591E-4      3.3496676430143634E11    0.7397070904857747       3.3496676430143634E11    1090.0671617657208
8.959933222036729E-4     3.345922905571082E11     0.7411727052814767       3.345922905571082E11     1080.3813352245324
8.969949916527546E-4     3.3421865315838446E11    0.7426001528851971       3.3421865315838446E11    1071.5496564605753
8.979966611018365E-4     3.338458493065625E11     0.7439920822241657       3.338458493065625E11     1063.445617302869
8.989983305509183E-4     3.3347387621541315E11    0.7453506978459489       3.3347387621541315E11    1055.9671799030218
9.0E-4                   3.331027311111111E11     0.7466778604639939       3.331027311111111E11     1049.031126778513
