% Model:              grating_duty=1:10.mph
% Version:            COMSOL 5.3.1.180
% Date:               Sep 4 2018, 06:56
% Table:              Accumulated Probe Table 3 - 
% lambda (m)             freq                     sqrt(emw.S11*conj(emw.S11)) (1), S11Frequency, frequency     Electric field norm (V/m), normE
3.0E-4                   9.993081933333334E11     0.612005734421331        9.993081933333334E11     2175.1195254651343
3.010016694490818E-4     9.959827084969496E11     0.7173717871060488       9.959827084969496E11     2893.9586422120806
3.0200333889816356E-4    9.926792832614706E11     0.7794690707630226       9.926792832614706E11     3660.698866683363
3.030050083472454E-4     9.893976988539946E11     0.5614554014915417       9.893976988539946E11     3592.38363740634
3.040066777963272E-4     9.861377393849534E11     0.6631651923165867       9.861377393849534E11     2426.346431133668
3.0500834724540897E-4    9.828991918007665E11     0.715402781266169        9.828991918007665E11     1960.9946564028976
3.060100166944908E-4     9.79681845837425E11      0.7504424771220025       9.79681845837425E11      1700.174332185536
3.070116861435726E-4     9.764854939749863E11     0.7768663136406391       9.764854939749863E11     1527.9220609352017
3.080133555926544E-4     9.733099313929541E11     0.7980433814521325       9.733099313929541E11     1404.0323973616405
3.090150250417362E-4     9.701549559265262E11     0.8158133114501924       9.701549559265262E11     1339.344413300805
3.10016694490818E-4      9.670203680236942E11     0.8315053259247811       9.670203680236942E11     1431.796653261153
3.110183639398998E-4     9.639059707031671E11     0.8463072310269156       9.639059707031671E11     1586.5648826251318
3.120200333889816E-4     9.608115695131086E11     0.8605247810806226       9.608115695131086E11     1835.8326847376518
3.1302170283806343E-4    9.577369724906666E11     0.8666212972022354       9.577369724906666E11     2044.9731032128634
3.140233722871452E-4     9.546819901222755E11     0.8549257363857113       9.546819901222755E11     1739.8046110353973
3.15025041736227E-4      9.516464353047166E11     0.8496870602171005       9.516464353047166E11     1321.6887528558789
3.1602671118530884E-4    9.486301233069203E11     0.8515282962083389       9.486301233069203E11     1098.1006831675325
3.170283806343906E-4     9.456328717324908E11     0.8537886520542067       9.456328717324908E11     974.1747694978288
3.1803005008347243E-4    9.426545004829397E11     0.8546829184310125       9.426545004829397E11     919.8523996251155
3.1903171953255425E-4    9.396948317216117E11     0.8553752486811715       9.396948317216117E11     849.8021466728768
3.20033388981636E-4      9.367536898382891E11     0.8560994000931264       9.367536898382891E11     846.581788224779
3.2103505843071784E-4    9.338309014144565E11     0.8562402428873744       9.338309014144565E11     878.8445804823784
3.2203672787979966E-4    9.309262951892172E11     0.8555629024284455       9.309262951892172E11     907.1066482548025
3.2303839732888143E-4    9.2803970202584E11       0.8540219715597472       9.2803970202584E11       933.8536114680159
3.2404006677796325E-4    9.251709548789285E11     0.851602479407061        9.251709548789285E11     960.8346414437071
3.250417362270451E-4     9.223198887621982E11     0.8482801811884076       9.223198887621982E11     989.0929930935763
3.2604340567612684E-4    9.19486340716846E11      0.8440168875069071       9.19486340716846E11      1019.2274192251588
3.2704507512520866E-4    9.166701497805004E11     0.8387664551909577       9.166701497805004E11     1051.5113404479418
3.280467445742905E-4     9.138711569567429E11     0.8324861535237954       9.138711569567429E11     1085.9443245906605
3.2904841402337225E-4    9.110892051851853E11     0.8251476832381842       9.110892051851853E11     1122.385387555192
3.300500834724541E-4     9.083241393120891E11     0.8167308354442125       9.083241393120891E11     1160.9999704854656
3.310517529215359E-4     9.05575806061523E11      0.8071692291876008       9.05575806061523E11      1203.2693770517928
3.3205342237061766E-4    9.028440540070388E11     0.7962211391041601       9.028440540070388E11     1253.674844054965
3.330550918196995E-4     9.001287335438597E11     0.7832368132349184       9.001287335438597E11     1322.4186549396563
3.340567612687813E-4     8.974296968615692E11     0.7665965551474756       8.974296968615692E11     1431.89674496682
3.3505843071786307E-4    8.947467979172896E11     0.7415505524266527       8.947467979172896E11     1637.7440435602534
3.360601001669449E-4     8.920798924093394E11     0.6890745723694817       8.920798924093394E11     2123.3841722591533
3.370617696160267E-4     8.894288377513619E11     0.49028334641794163      8.894288377513619E11     4129.618014025575
3.380634390651085E-4     8.867934930469137E11     0.7819999741027166       8.867934930469137E11     4160.88402058009
3.390651085141903E-4     8.841737190645002E11     0.793404089880418        8.841737190645002E11     2713.9304538134015
3.400667779632721E-4     8.815693782130585E11     0.7503824803785609       8.815693782130585E11     2200.6943558390444
3.410684474123539E-4     8.78980334517866E11      0.7070295642493739       8.78980334517866E11      1959.3606351792214
3.420701168614357E-4     8.764064535968766E11     0.6621305335889157       8.764064535968766E11     1829.8509904770945
3.430717863105175E-4     8.738476026374697E11     0.6146130509823039       8.738476026374697E11     1774.6444606594787
3.440734557595993E-4     8.713036503736051E11     0.5656472862833396       8.713036503736051E11     1786.5645324202371
3.450751252086811E-4     8.687744670633768E11     0.5141764080011247       8.687744670633768E11     1824.0591195871289
3.4607679465776294E-4    8.66259924466956E11      0.45654192223529844      8.66259924466956E11      1851.7687459372003
3.470784641068447E-4     8.637598958249159E11     0.3892106544202883       8.637598958249159E11     1857.1427547200383
3.4808013355592653E-4    8.612742558369305E11     0.3086907366331471       8.612742558369305E11     2138.4377702765287
3.490818030050083E-4     8.588028806408418E11     0.2950991447495798       8.588028806408418E11     2244.1621004563076
3.500834724540901E-4     8.56345647792084E11      0.20737634143349318      8.56345647792084E11      2117.889059311261
3.5108514190317194E-4    8.539024362434618E11     0.12050148275749119      8.539024362434618E11     2108.1952660960123
3.5208681135225376E-4    8.514731263252727E11     0.03553761070358501      8.514731263252727E11     2101.8324275514624
3.5308848080133553E-4    8.490575997257683E11     0.04975866641401459      8.490575997257683E11     2093.945115697694
3.5409015025041735E-4    8.466557394719471E11     0.13222902185924099      8.466557394719471E11     2082.5939467045405
3.550918196994991E-4     8.442674299106725E11     0.2118577248376175       8.442674299106725E11     2068.6701467180333
3.5609348914858094E-4    8.418925566901079E11     0.2875147324980489       8.418925566901079E11     2055.070225905249
3.5709515859766276E-4    8.39531006741468E11      0.35857780453475724      8.39531006741468E11      2046.7229902600955
3.580968280467446E-4     8.371826682610723E11     0.42493841481575234      8.371826682610723E11     2065.9205480770534
3.5909849749582635E-4    8.34847430692701E11      0.487137208580804        8.34847430692701E11      2112.2997239368096
3.6010016694490817E-4    8.325251847102457E11     0.5467804968534654       8.325251847102457E11     2197.7881902180047
3.6110183639398994E-4    8.302158222006473E11     0.6081804322650223       8.302158222006473E11     2395.6165501232367
3.6210350584307176E-4    8.279192362471185E11     0.6876363507214553       8.279192362471185E11     3097.8132774337996
3.631051752921536E-4     8.256353211126437E11     0.946484980041252        8.256353211126437E11     12683.567589842294
3.641068447412354E-4     8.233639722237505E11     0.5099779811184906       8.233639722237505E11     5782.511353253543
3.6510851419031717E-4    8.211050861545496E11     0.6339841059653479       8.211050861545496E11     3251.605703064394
3.66110183639399E-4      8.188585606110352E11     0.6890044909964856       8.188585606110352E11     2718.3075086096464
3.6711185308848076E-4    8.166242944156436E11     0.7323287447446449       8.166242944156436E11     2771.1496385652677
3.681135225375626E-4     8.144021874920636E11     0.7842428128889531       8.144021874920636E11     3773.6674275920204
3.691151919866444E-4     8.121921408502941E11     0.8548006313356208       8.121921408502941E11     30713.347190013646
3.701168614357262E-4     8.099940565719441E11     0.7347898478857094       8.099940565719441E11     2282.400831455636
3.71118530884808E-4      8.078078377957715E11     0.7926858880026206       8.078078377957715E11     1637.6339140055195
3.721202003338898E-4     8.056333887034545E11     0.8509438187823913       8.056333887034545E11     2713.6030723441922
3.731218697829716E-4     8.034706145055929E11     0.9969742300058607       8.034706145055929E11     9626.081240778802
3.741235392320534E-4     8.01319421427934E11      0.6146180141445489       8.01319421427934E11      5224.700498805099
3.751252086811352E-4     7.991797166978192E11     0.7259900290662522       7.991797166978192E11     2488.8622233438464
3.7612687813021704E-4    7.970514085308477E11     0.7629309716202133       7.970514085308477E11     1743.3799924682141
3.771285475792988E-4     7.949344061177512E11     0.7835163796900584       7.949344061177512E11     1416.9079779389915
3.7813021702838063E-4    7.928286196114791E11     0.7975864782310174       7.928286196114791E11     1234.1285633038513
3.791318864774624E-4     7.90733960114487E11      0.8081902261671364       7.90733960114487E11      1117.3078139997115
3.801335559265442E-4     7.886503396662275E11     0.8166088633310089       7.886503396662275E11     1036.3065586942075
3.8113522537562604E-4    7.865776712308367E11     0.8234911912442391       7.865776712308367E11     976.8381135713987
3.8213689482470786E-4    7.845158686850153E11     0.8292101819168214       7.845158686850153E11     931.3265799788479
3.8313856427378963E-4    7.824648468061002E11     0.8340006583720584       7.824648468061002E11     895.4105409323713
3.8414023372287145E-4    7.804245212603215E11     0.8380206750753924       7.804245212603215E11     866.4142898921876
3.851419031719532E-4     7.78394808591244E11      0.841381976756486        7.78394808591244E11      842.6101710174206
3.8614357262103504E-4    7.763756262083875E11     0.8441664216443788       7.763756262083875E11     822.8344474330698
3.8714524207011686E-4    7.743668923760242E11     0.8464354341854561       7.743668923760242E11     807.4284739557125
3.881469115191987E-4     7.723685262021504E11     0.848235722010274        7.723685262021504E11     797.0616219485878
3.8914858096828045E-4    7.703804476276277E11     0.84960283928357         7.703804476276277E11     789.0380697432828
3.9015025041736227E-4    7.6840257741549E11       0.8505633916761891       7.6840257741549E11       786.5875925308927
3.9115191986644404E-4    7.664348371404183E11     0.8511362421712001       7.664348371404183E11     791.4398653961208
3.9215358931552586E-4    7.644771491783738E11     0.8513327313844122       7.644771491783738E11     797.2198193684555
3.931552587646077E-4     7.625294366963906E11     0.851155401282366        7.625294366963906E11     803.0354167056042
3.941569282136895E-4     7.605916236425243E11     0.8505932901976583       7.605916236425243E11     809.2315210262158
3.9515859766277127E-4    7.586636347359528E11     0.8496063639987472       7.586636347359528E11     816.7488053912845
3.961602671118531E-4     7.567453954572272E11     0.848061288314924        7.567453954572272E11     829.371389774928
3.9716193656093486E-4    7.548368320386718E11     0.8452712483073342       7.548368320386718E11     867.7898507448214
3.981636060100167E-4     7.529378714549268E11     0.949000390005885        7.529378714549268E11     5854.830253221671
3.991652754590985E-4     7.510484414136344E11     0.8465997910914088       7.510484414136344E11     984.8724669977938
4.001669449081803E-4     7.491684703462661E11     0.8428470729449378       7.491684703462661E11     950.9635362612047
4.011686143572621E-4     7.472978873990845E11     0.8395593011237368       7.472978873990845E11     950.2880170760295
4.021702838063439E-4     7.454366224242424E11     0.836095341016435        7.454366224242424E11     958.7766719271847
4.031719532554257E-4     7.435846059710145E11     0.8323084366445777       7.435846059710145E11     971.6876973621737
4.041736227045075E-4     7.417417692771582E11     0.8281328918841434       7.417417692771582E11     987.5032959741153
4.051752921535893E-4     7.399080442604038E11     0.8235236661355488       7.399080442604038E11     1005.6319245590267
4.0617696160267114E-4    7.380833635100698E11     0.8184408914948992       7.380833635100698E11     1025.8357690273715
4.071786310517529E-4     7.362676602788029E11     0.8128444067410604       7.362676602788029E11     1048.0413440247446
4.0818030050083473E-4    7.344608684744376E11     0.8066912577499612       7.344608684744376E11     1072.2651660945435
4.091819699499165E-4     7.326629226519789E11     0.7999342218620173       7.326629226519789E11     1098.5815589803071
4.101836393989983E-4     7.30873758005698E11      0.7925206945216283       7.30873758005698E11      1127.1084155468075
4.1118530884808014E-4    7.290933103613479E11     0.7843916676224842       7.290933103613479E11     1158.0017846725389
4.1218697829716196E-4    7.273215161684891E11     0.7754806625889727       7.273215161684891E11     1191.4555967224794
4.1318864774624373E-4    7.255583124929293E11     0.7657125249633916       7.255583124929293E11     1227.705134308661
4.1419031719532555E-4    7.238036370092705E11     0.7550019909267096       7.238036370092705E11     1267.0340409567264
4.151919866444073E-4     7.220574279935665E11     0.7432519123619621       7.220574279935665E11     1309.785517047112
4.1619365609348914E-4    7.203196243160851E11     0.7303509713028223       7.203196243160851E11     1356.379287779757
4.1719532554257096E-4    7.185901654341736E11     0.7161706065880624       7.185901654341736E11     1407.3373189957167
4.1819699499165273E-4    7.168689913852296E11     0.7005606680605647       7.168689913852296E11     1463.323695708251
4.1919866444073455E-4    7.151560427797689E11     0.6833429007184573       7.151560427797689E11     1525.2087709956377
4.2020033388981637E-4    7.134512607945967E11     0.6643004934218427       7.134512607945967E11     1594.1774095895355
4.2120200333889814E-4    7.117545871660721E11     0.6431599720823323       7.117545871660721E11     1671.9228582716619
4.2220367278797996E-4    7.100659641834717E11     0.6195569165777719       7.100659641834717E11     1761.0207842333577
4.232053422370618E-4     7.083853346824458E11     0.5929638238394751       7.083853346824458E11     1865.7225434596403
4.242070116861436E-4     7.067126420385675E11     0.562516819912429        7.067126420385675E11     1993.8611509633463
4.2520868113522537E-4    7.050478301609738E11     0.5265175137332739       7.050478301609738E11     2162.3001154835724
4.2621035058430714E-4    7.033908434860948E11     0.4805546801284157       7.033908434860948E11     2417.237562859327
4.2721202003338896E-4    7.017416269714733E11     0.4058732035616247       7.017416269714733E11     3337.254750318875
4.282136894824708E-4     7.001001260896686E11     0.13129650219653577      7.001001260896686E11     16440.123944325784
4.292153589315526E-4     6.98466286822248E11      0.5230443370879413       6.98466286822248E11      4872.512471149499
4.302170283806344E-4     6.968400556538611E11     0.4157518006936751       6.968400556538611E11     3121.0433544039383
4.312186978297162E-4     6.952213795663956E11     0.34420339250092247      6.952213795663956E11     2766.1252596802624
4.3222036727879796E-4    6.936102060332175E11     0.2749693681916417       6.936102060332175E11     2777.363564983646
4.332220367278798E-4     6.920064830134875E11     0.20021923153080085      6.920064830134875E11     2988.1699758890827
4.342237061769616E-4     6.904101589465591E11     0.11474813594028835      6.904101589465591E11     3349.130621086549
4.352253756260434E-4     6.888211827464518E11     0.011901864955591524     6.888211827464518E11     3882.7772754148486
4.3622704507512524E-4    6.872395037964025E11     0.12084211911831139      6.872395037964025E11     4691.727113584002
4.37228714524207E-4      6.856650719434899E11     0.30747403602529216      6.856650719434899E11     6025.028091434971
4.382303839732888E-4     6.840978374933334E11     0.593659812143055        6.840978374933334E11     8316.047282874702
4.392320534223706E-4     6.825377512048651E11     0.9454087056482873       6.825377512048651E11     11097.587036333021
4.402337228714524E-4     6.809847642851726E11     0.9100724152843848       6.809847642851726E11     9990.199495805837
4.4123539232053424E-4    6.794388283844116E11     0.6199242049379818       6.794388283844116E11     7001.257022705501
4.4223706176961606E-4    6.77899895590789E11      0.3997590679356226       6.77899895590789E11      5132.8022836965765
4.4323873121869783E-4    6.76367918425612E11      0.24592956543748096      6.76367918425612E11      4058.481877249713
4.442404006677796E-4     6.748428498384066E11     0.13025234797637159      6.748428498384066E11     3406.4678208851
4.452420701168614E-4     6.733246432020997E11     0.04124838862129152      6.733246432020997E11     2980.6882238653275
4.4624373956594324E-4    6.718132523082678E11     0.0528440949845854       6.718132523082678E11     2677.5358051081466
4.4724540901502506E-4    6.703086313624486E11     0.11959524789676737      6.703086313624486E11     2451.382238140253
4.482470784641069E-4     6.688107349795159E11     0.1811840297632873       6.688107349795159E11     2281.9410408978542
4.4924874791318865E-4    6.673195181791156E11     0.23700294039100916      6.673195181791156E11     2143.6875077553796
4.502504173622704E-4     6.658349363811643E11     0.2877275944119785       6.658349363811643E11     2027.5973006997733
4.5125208681135224E-4    6.643569454014059E11     0.33396097179096834      6.643569454014059E11     1927.8271596542668
4.5225375626043406E-4    6.628855014470284E11     0.37618966485435895      6.628855014470284E11     1840.471661861528
4.532554257095159E-4     6.614205611123389E11     0.4148140662100642       6.614205611123389E11     1762.845677388097
4.542570951585977E-4     6.599620813744946E11     0.4501744782201937       6.599620813744946E11     1693.0541375728005
4.5525876460767947E-4    6.585100195892922E11     0.4825682067228065       6.585100195892922E11     1629.7257926776754
4.5626043405676124E-4    6.570643334870107E11     0.5122601175013812       6.570643334870107E11     1572.3680858143473
4.5726210350584306E-4    6.556249811683096E11     0.5394891091990055       6.556249811683096E11     1519.827547836239
4.582637729549249E-4     6.541919211001823E11     0.5644721698433715       6.541919211001823E11     1471.1611702065275
4.592654424040067E-4     6.527651121119592E11     0.5874070491330553       6.527651121119592E11     1425.9397159253701
4.6026711185308847E-4    6.513445133913674E11     0.6084741585908136       6.513445133913674E11     1383.8124706017702
4.612687813021703E-4     6.49930084480637E11      0.6278380506465285       6.49930084480637E11      1344.4870618547916
4.6227045075125206E-4    6.485217852726617E11     0.6456486705706533       6.485217852726617E11     1307.7153647256175
4.632721202003339E-4     6.471195760072073E11     0.6620424830526139       6.471195760072073E11     1273.283521556213
4.642737896494157E-4     6.457234172671702E11     0.6771435228475523       6.457234172671702E11     1241.004772145219
4.652754590984975E-4     6.443332699748834E11     0.6910643903810292       6.443332699748834E11     1210.7142222691575
4.662771285475793E-4     6.429490953884713E11     0.7039071986514595       6.429490953884713E11     1182.2649622998042
4.672787979966611E-4     6.415708550982493E11     0.7157644711724723       6.415708550982493E11     1155.5251357554055
4.682804674457429E-4     6.40198511023173E11      0.7267199884317465       6.40198511023173E11      1130.3756834850558
4.692821368948247E-4     6.388320254073284E11     0.7368495802708384       6.388320254073284E11     1106.7085740825003
4.702838063439065E-4     6.374713608164713E11     0.7462218624942895       6.374713608164713E11     1084.4253887463683
4.7128547579298834E-4    6.361164801346085E11     0.7548989172258826       6.361164801346085E11     1063.4361681603993
4.722871452420701E-4     6.347673465606221E11     0.7629369177027423       6.347673465606221E11     1043.658456012859
4.7328881469115193E-4    6.334239236049382E11     0.770386699185082        6.334239236049382E11     1025.0164924157345
4.742904841402337E-4     6.320861750862372E11     0.7772942784025934       6.320861750862372E11     1007.4405234475845
4.752921535893155E-4     6.307540651282051E11     0.7837013244731482       6.307540651282051E11     990.8662020580664
4.7629382303839734E-4    6.294275581563267E11     0.7896455845358349       6.294275581563267E11     975.2340618830898
4.7729549248747916E-4    6.281066188947184E11     0.7951612674814406       6.281066188947184E11     960.489049952825
4.782971619365609E-4     6.267912123630017E11     0.8002793891736191       6.267912123630017E11     946.58410636253
4.7929883138564275E-4    6.254813038732148E11     0.8050280824707663       6.254813038732148E11     933.6308622463878
4.803005008347245E-4     6.24176859026764E11      0.8094328752053568       6.24176859026764E11      921.4190450388751
4.8130217028380634E-4    6.228778437114116E11     0.8135169390789306       6.228778437114116E11     909.907052146171
4.8230383973288816E-4    6.21584224098304E11      0.8173013122031156       6.21584224098304E11      899.055901129391
4.8330550918197E-4       6.202959666390327E11     0.8208050977687726       6.202959666390327E11     888.8289142675751
4.8430717863105175E-4    6.19013038062737E11      0.8240456410648075       6.19013038062737E11      879.1914088027088
4.8530884808013357E-4    6.177354053732369E11     0.8270386867961355       6.177354053732369E11     870.1103844194186
4.8631051752921534E-4    6.164630358462068E11     0.8297985183618207       6.164630358462068E11     861.5541978670663
4.8731218697829716E-4    6.151958970263789E11     0.8323380804418863       6.151958970263789E11     853.492211992071
4.88313856427379E-4      6.139339567247863E11     0.8346690858838102       6.139339567247863E11     845.8944024159167
4.893155258764608E-4     6.126771830160354E11     0.8368021074473723       6.126771830160354E11     838.7308989468473
4.903171953255425E-4     6.114255442356146E11     0.8387466544027735       6.114255442356146E11     831.9714294568936
4.913188647746244E-4     6.10179008977234E11      0.840511233191337        6.10179008977234E11      825.5846195044228
4.923205342237062E-4     6.089375460902001E11     0.8421033901879992       6.089375460902001E11     819.5370783562241
4.93322203672788E-4      6.07701124676819E11      0.8435297327564883       6.07701124676819E11      813.7921659133461
4.943238731218698E-4     6.064697140898345E11     0.8447959217187886       6.064697140898345E11     808.3082760439081
4.953255425709516E-4     6.052432839298955E11     0.8459066230132043       6.052432839298955E11     803.0363731707045
4.963272120200334E-4     6.040218040430541E11     0.8468653965389179       6.040218040430541E11     798.0854695015175
4.973288814691152E-4     6.028052445182948E11     0.8476744813977933       6.028052445182948E11     793.7674835997881
4.98330550918197E-4      6.015935756850922E11     0.8483343985371686       6.015935756850922E11     790.32315673257
4.993322203672788E-4     6.003867681109996E11     0.8488432088465189       6.003867681109996E11     787.6370267688062
5.003338898163606E-4     5.99184792599266E11      0.8491950699919845       5.99184792599266E11      785.6032884588412
5.013355592654424E-4     5.979876201864801E11     0.8493772315357803       5.979876201864801E11     793.7325660933333
5.023372287145242E-4     5.96795222140246E11      0.849363133940393        5.96795222140246E11      807.3048003448309
5.033388981636061E-4     5.956075699568821E11     0.8490941917196521       5.956075699568821E11     827.5699294820736
5.043405676126878E-4     5.944246353591526E11     0.8484206415121665       5.944246353591526E11     862.4256633186283
5.053422370617696E-4     5.932463902940205E11     0.8468304488163969       5.932463902940205E11     954.1291489045276
5.063439065108514E-4     5.920728069304319E11     0.8407898160958236       5.920728069304319E11     1454.4820252593493
5.073455759599333E-4     5.90903857657124E11      0.8694278574907819       5.90903857657124E11      2024.237264303194
5.083472454090151E-4     5.897395150804597E11     0.8546056584737114       5.897395150804597E11     1045.324241242637
5.093489148580968E-4     5.885797520222878E11     0.8519198863188407       5.885797520222878E11     933.7237977038986
5.103505843071786E-4     5.87424541517828E11      0.8503790761522717       5.87424541517828E11      894.2920812344564
5.113522537562604E-4     5.862738568135814E11     0.8491107169945894       5.862738568135814E11     875.3548161029927
5.123539232053423E-4     5.851276713652655E11     0.8478952963027234       5.851276713652655E11     865.6802737932135
5.133555926544241E-4     5.839859588357723E11     0.8466509046694596       5.839859588357723E11     861.0819976414986
5.143572621035058E-4     5.828486930931516E11     0.845339222000696        5.828486930931516E11     859.0547236078025
5.153589315525877E-4     5.817158482086167E11     0.843939158983649        5.817158482086167E11     858.771210198671
5.163606010016694E-4     5.805873984545748E11     0.8424374306305443       5.805873984545748E11     859.7758867350092
5.173622704507513E-4     5.794633183026783E11     0.8408245927229104       5.794633183026783E11     861.8005002223132
5.183639398998331E-4     5.783435824219001E11     0.8390931654268227       5.783435824219001E11     865.4941477288437
5.193656093489149E-4     5.772281656766312E11     0.8372366572555858       5.772281656766312E11     870.1620463497569
5.203672787979967E-4     5.761170431247994E11     0.8352490141436937       5.761170431247994E11     875.5058569078407
5.213689482470784E-4     5.750101900160103E11     0.8331242831219445       5.750101900160103E11     881.4998068495001
5.223706176961603E-4     5.739075817897092E11     0.830856389299841        5.739075817897092E11     888.5357634157413
5.233722871452421E-4     5.728091940733652E11     0.8284389737203246       5.728091940733652E11     896.9118215760315
5.243739565943239E-4     5.717150026806749E11     0.8258652629099558       5.717150026806749E11     905.9670686294334
5.253756260434057E-4     5.706249836097871E11     0.8231279524860815       5.706249836097871E11     915.9030104216674
5.263772954924874E-4     5.695391130415479E11     0.820219092949617        5.695391130415479E11     927.558504118896
5.273789649415693E-4     5.684573673377651E11     0.8171299684739812       5.684573673377651E11     940.0668400118481
5.283806343906511E-4     5.673797230394945E11     0.8138509603247884       5.673797230394945E11     954.3810547823393
5.293823038397329E-4     5.663061568653422E11     0.810371386038976        5.663061568653422E11     970.0878607089063
5.303839732888147E-4     5.652366457097891E11     0.8066793037803207       5.652366457097891E11     987.8252657799327
5.313856427378965E-4     5.641711666415331E11     0.8027612682141354       5.641711666415331E11     1007.7793331139972
5.323873121869784E-4     5.631096969018501E11     0.7986020193644077       5.631096969018501E11     1029.8665953459629
5.333889816360601E-4     5.620522139029734E11     0.7941840784157804       5.620522139029734E11     1053.8378027466492
5.343906510851419E-4     5.609986952264918E11     0.789487212907648        5.609986952264918E11     1079.9494615597755
5.353923205342237E-4     5.599491186217649E11     0.7844877158797243       5.599491186217649E11     1108.5531200526314
5.363939899833055E-4     5.589034620043573E11     0.779157415221457        5.589034620043573E11     1140.0879807265599
5.373956594323874E-4     5.578617034544889E11     0.7734622836386496       5.578617034544889E11     1175.1108482552227
5.383973288814691E-4     5.568238212155039E11     0.7673604433974995       5.568238212155039E11     1214.3391328848845
5.393989983305509E-4     5.557897936923553E11     0.7607992292134137       5.557897936923553E11     1258.714089657994
5.404006677796327E-4     5.547595994501082E11     0.7537107403077908       5.547595994501082E11     1309.4963587555706
5.414023372287145E-4     5.537332172124575E11     0.7460048830225686       5.537332172124575E11     1368.4148426380318
5.424040066777964E-4     5.527106258602646E11     0.7375580731772691       5.527106258602646E11     1437.9071923256865
5.434056761268782E-4     5.516918044301074E11     0.7281940653981086       5.516918044301074E11     1521.5250964139652
5.4440734557596E-4       5.506767321128488E11     0.7176496641346236       5.506767321128488E11     1624.6528949722676
5.454090150250417E-4     5.496653882522192E11     0.7055093166453692       5.496653882522192E11     1755.863284878307
5.464106844741235E-4     5.4865775234341583E11    0.6910698571651553       5.4865775234341583E11    1929.681329467273
5.474123539232054E-4     5.47653804031717E11      0.6730299486521737       5.47653804031717E11      2172.813368808742
5.484140233722872E-4     5.466535231111111E11     0.6486683386871328       5.466535231111111E11     2540.209620430135
5.49415692821369E-4      5.4565688952294135E11    0.6111749047068004       5.4565688952294135E11    3165.6469315568656
5.504173622704507E-4     5.446638833545648E11     0.5376260858453447       5.446638833545648E11     4539.029263207387
5.514190317195326E-4     5.4367448483802594E11    0.2916587068935318       5.4367448483802594E11    9309.990129835902
5.524207011686144E-4     5.426886743487458E11     0.9961201592911649       5.426886743487458E11     15111.06459349128
5.534223706176962E-4     5.417064324042232E11     0.8558077097198731       5.417064324042232E11     5577.139636727918
5.54424040066778E-4      5.4072773966275214E11    0.7789367284056125       5.4072773966275214E11    3478.8897238024947
5.554257095158597E-4     5.397525769221521E11     0.7378402856331605       5.397525769221521E11     2691.635574870711
5.564273789649416E-4     5.387809251185118E11     0.7094980108819976       5.387809251185118E11     2306.3391685596525
5.574290484140234E-4     5.3781276532494763E11    0.6868110078028642       5.3781276532494763E11    2086.8683266309017
5.584307178631052E-4     5.3684807875037366E11    0.6669382231216796       5.3684807875037366E11    1947.4902950361607
5.59432387312187E-4      5.3588684673828705E11    0.6485224231681868       5.3588684673828705E11    1852.6956305916258
5.604340567612688E-4     5.3492905076556445E11    0.630829185370226        5.3492905076556445E11    1784.4427353292288
5.614357262103506E-4     5.3397467244127264E11    0.6134219224612665       5.3397467244127264E11    1733.946159722384
5.624373956594324E-4     5.330236935054913E11     0.5960207648583553       5.330236935054913E11     1696.21422156556
5.634390651085143E-4     5.320760958281481E11     0.5784344706746374       5.320760958281481E11     1668.6514599770949
5.64440734557596E-4      5.311318614078675E11     0.5605246942143665       5.311318614078675E11     1647.896765369156
5.654424040066778E-4     5.301909723708296E11     0.5421858113705961       5.301909723708296E11     1634.5173326171578
5.664440734557596E-4     5.292534109696434E11     0.523332644073424        5.292534109696434E11     1625.73752960036
5.674457429048413E-4     5.2831915958223016E11    0.5038922469795949       5.2831915958223016E11    1621.505313195825
5.684474123539233E-4     5.273882007107195E11     0.48379758644467064      5.273882007107195E11     1622.607167021642
5.69449081803005E-4      5.264605169803577E11     0.46298160935430777      5.264605169803577E11     1626.30883677707
5.704507512520868E-4     5.255360911384255E11     0.44137026532371576      5.255360911384255E11     1635.3938585284109
5.714524207011686E-4     5.2461490605316974E11    0.4188725178190676       5.2461490605316974E11    1649.6388601279841
5.724540901502505E-4     5.236969447127442E11     0.3953638582442475       5.236969447127442E11     1667.6333495156073
5.734557595993323E-4     5.2278219022416296E11    0.37065606067676266      5.2278219022416296E11    1694.1054546532691
5.74457429048414E-4      5.218706258122639E11     0.3444361049381254       5.218706258122639E11     1732.5050692829072
5.754590984974959E-4     5.2096223481868286E11    0.3161288107639582       5.2096223481868286E11    1785.0493624277726
5.764607679465776E-4     5.2005700070083984E11    0.2845417208095631       5.2005700070083984E11    1864.140644339004
5.774624373956595E-4     5.191549070309338E11     0.24674448827886297      5.191549070309338E11     2009.258943711039
5.784641068447413E-4     5.1825593749494946E11    0.1931864164574565       5.1825593749494946E11    2310.9299532719406
5.79465776293823E-4      5.173600758916739E11     0.06616902823449887      5.173600758916739E11     3358.880700497037
5.804674457429049E-4     5.1646730613172266E11    0.7296943403380023       5.1646730613172266E11    8146.679187100856
5.814691151919866E-4     5.155776122365777E11     0.31126008139177924      5.155776122365777E11     3134.765501459777
5.824707846410685E-4     5.146909783376325E11     0.23407287843644511      5.146909783376325E11     2501.5770713669353
5.834724540901503E-4     5.138073886752503E11     0.18798585086929684      5.138073886752503E11     2257.7960713911793
5.844741235392321E-4     5.1292682759782916E11    0.1509388522425558       5.1292682759782916E11    2127.7017047209315
5.854757929883139E-4     5.1204927956087823E11    0.11771046131231083      5.1204927956087823E11    2045.6895496623274
5.864774624373956E-4     5.11174729126103E11      0.08646706274281502      5.11174729126103E11      1988.186823478351
5.874791318864776E-4     5.1030316096050006E11    0.056437438374095275     5.1030316096050006E11    1944.6418925775135
5.884808013355593E-4     5.09434559835461E11      0.02733705346144248      5.09434559835461E11      1909.6282406654705
5.894824707846411E-4     5.08568910625885E11      0.004614657789614383     5.08568910625885E11      1880.0754601966576
5.904841402337229E-4     5.0770619830930164E11    0.03008838098090937      5.0770619830930164E11    1854.1227100322208
5.914858096828046E-4     5.0684640796500146E11    0.05756585602494903      5.0684640796500146E11    1830.584004747992
5.924874791318866E-4     5.059895247731755E11     0.08465464117007243      5.059895247731755E11     1808.6752886201075
5.934891485809683E-4     5.0513553401406476E11    0.11127594677008257      5.0513553401406476E11    1787.864806139667
5.944908180300501E-4     5.04284421067116E11      0.13739803699575157      5.04284421067116E11      1767.7861166039336
5.954924874791319E-4     5.0343617141014856E11    0.16299453105391265      5.0343617141014856E11    1748.1849618180202
5.964941569282137E-4     5.025907706185278E11     0.18804033961730218      5.025907706185278E11     1728.8853955882923
5.974958263772956E-4     5.0174820436434753E11    0.21251180318784066      5.0174820436434753E11    1709.7673675199778
5.984974958263773E-4     5.0090845841562067E11    0.23638735782284248      5.0090845841562067E11    1690.7513877278047
5.994991652754592E-4     5.0007151863547754E11    0.25964811288703343      5.0007151863547754E11    1671.7877245888158
6.005008347245409E-4     4.9923737098137335E11    0.2822782447814872       4.9923737098137335E11    1652.8485994082832
6.015025041736227E-4     4.9840600150430194E11    0.3042652172197355       4.9840600150430194E11    1633.922423040878
6.025041736227046E-4     4.975773963480188E11     0.3255998588668332       4.975773963480188E11     1615.0094638894896
6.035058430717863E-4     4.967515417482711E11     0.34627632941767383      4.967515417482711E11     1596.118546367902
6.045075125208682E-4     4.9592842403203534E11    0.3662920011516915       4.9592842403203534E11    1577.2645096654524
6.055091819699499E-4     4.951080296167632E11     0.3856472785707235       4.951080296167632E11     1558.466240030915
6.065108514190317E-4     4.942903450096339E11     0.40434537477300425      4.942903450096339E11     1539.7451440424782
6.075125208681136E-4     4.93475356806815E11      0.4223920598355332       4.93475356806815E11      1521.1239663958063
6.085141903171954E-4     4.9266305169272974E11    0.43979539360358155      4.9266305169272974E11    1502.6258802044063
6.095158597662772E-4     4.9185341643933167E11    0.45656545282638         4.9185341643933167E11    1484.2737947971361
6.105175292153589E-4     4.9104643790538696E11    0.47271406046034653      4.9104643790538696E11    1466.0898380732945
6.115191986644408E-4     4.9024210303576294E11    0.4882545231501946       4.9024210303576294E11    1448.0949792980425
6.125208681135226E-4     4.89440398860725E11      0.5032013813458889       4.89440398860725E11      1430.3087648212395
6.135225375626044E-4     4.886413124952381E11     0.5175701752070462       4.886413124952381E11     1412.749144293282
6.145242070116862E-4     4.8784483113827765E11    0.531377228352496        4.8784483113827765E11    1395.4323689483697
6.155258764607679E-4     4.870509420721454E11     0.5446394506194803       4.870509420721454E11     1378.3729467561484
6.165275459098498E-4     4.8625963266179254E11    0.5573741602752368       4.8625963266179254E11    1361.583641880163
6.175292153589316E-4     4.854708903541498E11     0.5695989255602342       4.854708903541498E11     1345.075508069495
6.185308848080134E-4     4.846847026774629E11     0.5813314250112751       4.846847026774629E11     1328.8579474491726
6.195325542570952E-4     4.839010572406359E11     0.5925893256963862       4.839010572406359E11     1312.9387877141264
6.205342237061769E-4     4.831199417325801E11     0.6033901782752134       4.831199417325801E11     1297.324372033085
6.215358931552588E-4     4.8234134392156854E11    0.6137513276572691       4.8234134392156854E11    1282.0196570736039
6.225375626043405E-4     4.815652516545991E11     0.6236898379549752       4.815652516545991E11     1267.0283154751787
6.235392320534224E-4     4.807916528567604E11     0.6332224304025846       4.807916528567604E11     1252.3528398843498
6.245409015025042E-4     4.8002053553060675E11    0.6423654329250854       4.8002053553060675E11    1237.994646303594
6.25542570951586E-4      4.792518877555377E11     0.6511347400823297       4.792518877555377E11     1223.9541750517747
6.265442404006678E-4     4.784856976871836E11     0.6595457821776065       4.784856976871836E11     1210.2309880706584
6.275459098497495E-4     4.77721953556797E11      0.6676135023935817       4.77721953556797E11      1196.8238616785652
6.285475792988315E-4     4.769606436706507E11     0.6753523409050783       4.769606436706507E11     1183.7308741661352
6.295492487479132E-4     4.762017564094404E11     0.6827762250049019       4.762017564094404E11     1170.9494878596515
6.30550918196995E-4      4.75445280227694E11      0.6898985643696717       4.75445280227694E11      1158.4766254672072
6.315525876460768E-4     4.7469120365318524E11    0.6967322506779484       4.7469120365318524E11    1146.3087406699526
6.325542570951585E-4     4.739395152863553E11     0.7032896608796765       4.739395152863553E11     1134.4418830288726
6.335559265442405E-4     4.7319020379973645E11    0.7095826634929917       4.7319020379973645E11    1122.8717573615563
6.345575959933222E-4     4.7244325793738495E11    0.7156226273801924       4.7244325793738495E11    1111.5937778026396
6.35559265442404E-4      4.7169866651431573E11    0.721420432522186        4.7169866651431573E11    1100.6031168126171
6.365609348914858E-4     4.709564184159455E11     0.7269864823730967       4.709564184159455E11     1089.8947494124268
6.375626043405677E-4     4.7021650259753864E11    0.7323307174332901       4.7021650259753864E11    1079.4634929480198
6.385642737896495E-4     4.694789080836601E11     0.7374626297307036       4.694789080836601E11     1069.3040426908813
6.395659432387312E-4     4.6874362396763245E11    0.742391277941985        4.6874362396763245E11    1059.4110035851645
6.405676126878131E-4     4.680106394109981E11     0.7471253029322393       4.680106394109981E11     1049.778918433441
6.415692821368948E-4     4.6727994364298724E11    0.7516729435189159       4.6727994364298724E11    1040.4022928202614
6.425709515859767E-4     4.6655152595998956E11    0.7560420523036174       4.6655152595998956E11    1031.2756170467728
6.435726210350585E-4     4.658253757250324E11     0.7602401114385204       4.658253757250324E11     1022.3933853404194
6.445742904841402E-4     4.651014823672624E11     0.7642742482202105       4.651014823672624E11     1013.7501125867071
6.455759599332221E-4     4.6437983538143256E11    0.7681512504223953       4.6437983538143256E11    1005.340348818438
6.465776293823038E-4     4.6366042432739484E11    0.771877581298071        4.6366042432739484E11    997.1586916700825
6.475792988313856E-4     4.629432388295952E11     0.7754593941954951       4.629432388295952E11     989.1997970024298
6.485809682804675E-4     4.622282685765766E11     0.7789025467464884       4.622282685765766E11     981.4583878770976
6.495826377295493E-4     4.6151550332048315E11    0.7822126145956202       4.6151550332048315E11    973.9292620487382
6.505843071786311E-4     4.6080493287657166E11    0.7853949046483759       4.6080493287657166E11    966.6072981283488
6.515859766277128E-4     4.600965471227261E11     0.788454467824397        4.600965471227261E11     959.4874605554731
6.525876460767948E-4     4.593903359989767E11     0.7913961113080469       4.593903359989767E11     952.5648035079232
6.535893155258765E-4     4.586862895070243E11     0.7942244102940696       4.586862895070243E11     945.8344738607263
6.545909849749583E-4     4.579843977097679E11     0.7969437192305894       4.579843977097679E11     939.2917132972987
6.555926544240401E-4     4.5728465073083777E11    0.7995581825650558       4.5728465073083777E11    932.9318596670668
6.565943238731218E-4     4.565870387541317E11     0.8020717450017899       4.565870387541317E11     926.7503476691152
6.575959933222038E-4     4.558915520233561E11     0.8044881612822421       4.558915520233561E11     920.7427089381551
6.585976627712855E-4     4.5519818084157166E11    0.8068110055001081       4.5519818084157166E11    914.9045715971225
6.595993322203673E-4     4.545069155707416E11     0.8090436799659232       4.545069155707416E11     909.2316593322935
6.606010016694491E-4     4.538177466312863E11     0.8111894236354307       4.538177466312863E11     903.7197900469381
6.616026711185309E-4     4.5313066450164014E11    0.8132513201178421       4.5313066450164014E11    898.3648741296084
6.626043405676128E-4     4.52445659717813E11      0.8152323052796562       4.52445659717813E11      893.1629123839655
6.636060100166945E-4     4.51762722872956E11      0.8171351744602177       4.51762722872956E11      888.109993645839
6.646076794657764E-4     4.5108184461693036E11    0.8189625893153726       4.5108184461693036E11    883.2022921202021
6.656093489148581E-4     4.504030156558816E11     0.8207170843051164       4.504030156558816E11     878.4360644559023
6.666110183639399E-4     4.497262267518157E11     0.8224010728410702       4.497262267518157E11     873.8076465807536
6.676126878130218E-4     4.4905146872218054E11    0.8240168531092811       4.4905146872218054E11    869.3134503082873
6.686143572621035E-4     4.4837873243945074E11    0.825566613583217        4.4837873243945074E11    864.9499597256189
6.696160267111854E-4     4.4770800883071545E11    0.8270524382417008       4.4770800883071545E11    860.7137273685732
6.706176961602671E-4     4.470392888772716E11     0.8284763115059163       4.470392888772716E11     856.6013701882914
6.716193656093489E-4     4.463725636142182E11     0.8298401229085629       4.463725636142182E11     852.6095653011298
6.726210350584308E-4     4.4570782413005707E11    0.8311456715083252       4.4570782413005707E11    848.735045522356
6.736227045075126E-4     4.450450615662949E11     0.8323946700623539       4.450450615662949E11     844.9745946686044
6.746243739565944E-4     4.4438426711705023E11    0.8335887489675393       4.4438426711705023E11    841.325042618151
6.756260434056761E-4     4.437254320286632E11     0.8347294599826457       4.437254320286632E11     837.7832601063654
6.76627712854758E-4      4.430685475993091E11     0.8358182797410818       4.430685475993091E11     834.3461532395387
6.776293823038397E-4     4.424136051786154E11     0.8368566130646575       4.424136051786154E11     831.0106576885933
6.786310517529216E-4     4.417605961672817E11     0.837845796087116        4.417605961672817E11     827.7737325392791
6.796327212020034E-4     4.411095120167035E11     0.838787099196416        4.411095120167035E11     824.6323537498866
6.806343906510851E-4     4.404603442285995E11     0.8396817298035568       4.404603442285995E11     821.5835071738494
6.81636060100167E-4      4.398130843546412E11     0.8405308349452042       4.398130843546412E11     818.6241810905135
6.826377295492487E-4     4.3916772399608704E11    0.8413355037270884       4.3916772399608704E11    815.7513581793258
6.836393989983306E-4     4.3852425480341876E11    0.8420967696138589       4.3852425480341876E11    812.9620068641921
6.846410684474124E-4     4.3788266847598145E11    0.8428156125708329       4.3788266847598145E11    810.2530719389978
6.856427378964942E-4     4.3724295676162646E11    0.8434929610626817       4.3724295676162646E11    807.621464377137
6.86644407345576E-4      4.366051114563578E11     0.8441296939120342       4.366051114563578E11     805.0640502058089
6.876460767946577E-4     4.3596912440398157E11    0.8447266420221735       4.3596912440398157E11    802.5977536262372
6.886477462437397E-4     4.3533498749575745E11    0.8452845899650402       4.3533498749575745E11    800.2780268532268
6.896494156928214E-4     4.347026926700557E11     0.8458042774363407       4.347026926700557E11     798.1060108589434
6.906510851419032E-4     4.3407223191201355E11    0.846286400578297        4.3407223191201355E11    796.0764918327502
6.91652754590985E-4      4.334435972531981E11     0.8467316131680609       4.334435972531981E11     794.1900722528402
6.926544240400667E-4     4.328167807712702E11     0.8471405276705708       4.328167807712702E11     792.4415495024836
6.936560934891487E-4     4.32191774589651E11      0.8475137161513572       4.32191774589651E11      790.8189333402737
6.946577629382304E-4     4.31568570877193E11      0.8478517110440112       4.31568570877193E11      789.2645253222521
6.956594323873122E-4     4.309471618478522E11     0.8481550057641515       4.309471618478522E11     787.7697806786153
6.96661101836394E-4      4.3032753976036426E11    0.848424055160149        4.3032753976036426E11    786.3318142543849
6.976627712854759E-4     4.297096969179229E11     0.8486592757866523       4.297096969179229E11     784.9476034107508
6.986644407345577E-4     4.290936256678613E11     0.8488610459843404       4.290936256678613E11     783.613964401886
6.996661101836394E-4     4.284793184013362E11     0.8490297057441654       4.284793184013362E11     782.327525296036
7.006677796327213E-4     4.2786676755301404E11    0.8491655563287325       4.2786676755301404E11    781.0846947835553
7.01669449081803E-4      4.2725596560076135E11    0.8492688596172112       4.2725596560076135E11    779.8816260810866
7.026711185308848E-4     4.266469050653362E11     0.8493398371303361       4.266469050653362E11     780.1302028587002
7.036727879799667E-4     4.26039578510083E11      0.8493786686823315       4.26039578510083E11      781.9656299365361
7.046744574290484E-4     4.254339785406302E11     0.8493854905915096       4.254339785406302E11     783.9793270934795
7.056761268781303E-4     4.248300978045895E11     0.8493603933639841       4.248300978045895E11     786.1818086422509
7.06677796327212E-4      4.2422792899125916E11    0.849303418741653        4.2422792899125916E11    788.585073535221
7.076794657762938E-4     4.236274648313281E11     0.849214555975418        4.236274648313281E11     791.2028550644504
7.086811352253757E-4     4.2302869809658417E11    0.8490937371444145       4.2302869809658417E11    794.0509237520127
7.096828046744575E-4     4.224316215996236E11     0.8489408312903206       4.224316215996236E11     797.1474570864166
7.106844741235393E-4     4.2183622819356354E11    0.8487556370644199       4.2183622819356354E11    800.5134939093269
7.11686143572621E-4      4.2124251077175696E11    0.8485378734901798       4.2124251077175696E11    804.1734968975773
7.12687813021703E-4      4.206504622675099E11     0.8482871683135963       4.206504622675099E11     808.1560542924119
7.136894824707847E-4     4.200600756538012E11     0.8480030432336975       4.200600756538012E11     812.4947627266129
7.146911519198665E-4     4.194713439430039E11     0.8476848950525793       4.194713439430039E11     817.2293479994947
7.156928213689483E-4     4.1888426018661066E11    0.8473319714273869       4.1888426018661066E11    822.4071019695865
7.1669449081803E-4       4.182988174749592E11     0.8469433393907804       4.182988174749592E11     828.0847445024576
7.17696160267112E-4      4.1771500893696204E11    0.8465178440547317       4.1771500893696204E11    834.3308644538786
7.186978297161937E-4     4.1713282773983734E11    0.8460540537929253       4.1713282773983734E11    841.2291608015624
7.196994991652755E-4     4.1655226708884247E11    0.8455501865034255       4.1655226708884247E11    848.8828069360726
7.207011686143573E-4     4.1597332022700946E11    0.8450040089349782       4.1597332022700946E11    857.4204189839094
7.217028380634391E-4     4.153959804348831E11     0.8444126969218371       4.153959804348831E11     867.0043591832962
7.22704507512521E-4      4.14820241030261E11      0.8437726376644559       4.14820241030261E11      877.8425117826224
7.237061769616027E-4     4.142460953679354E11     0.8430791440157559       4.142460953679354E11     890.2053480777323
7.247078464106846E-4     4.1367353683943787E11    0.842326031503974        4.1367353683943787E11    904.4512683354427
7.257095158597663E-4     4.131025588727858E11     0.8415049745518041       4.131025588727858E11     921.0653013180342
7.267111853088481E-4     4.1253315493223065E11    0.8406044947037947       4.1253315493223065E11    940.7201386576062
7.2771285475793E-4       4.119653185180087E11     0.8396083097447726       4.119653185180087E11     964.3760871120099
7.287145242070117E-4     4.1139904316609393E11    0.8384925174829989       4.1139904316609393E11    993.4522141845189
7.297161936560936E-4     4.108343224479524E11     0.8372205268795684       4.108343224479524E11     1030.135548797636
7.307178631051753E-4     4.1027114997029926E11    0.8357333117708726       4.1027114997029926E11    1077.9777831806502
7.317195325542571E-4     4.0970951937485736E11    0.8339290388476779       4.0970951937485736E11    1143.1467715450715
7.32721202003339E-4      4.09149424338118E11      0.8316155629153256       4.09149424338118E11      1237.353283373317
7.337228714524208E-4     4.0859085857110345E11    0.8283816517348178       4.0859085857110345E11    1385.8002685930876
7.347245409015026E-4     4.0803381581913196E11    0.8231604482639181       4.0803381581913196E11    1654.1387390926313
7.357262103505843E-4     4.074782898615838E11     0.8120662028711012       4.074782898615838E11     2281.7280211167345
7.367278797996662E-4     4.0692427451167004E11    0.7621526229333474       4.0692427451167004E11    5378.206359650067
7.37729549248748E-4      4.063717636162027E11     0.9086730105667237       4.063717636162027E11     5560.424298571568
7.387312186978298E-4     4.058207510553672E11     0.8605003299696717       4.058207510553672E11     2295.9828749644616
7.397328881469116E-4     4.05271230742496E11      0.8494280089334217       4.05271230742496E11      1698.9125714140205
7.407345575959933E-4     4.04723196623845E11      0.8440624463964784       4.04723196623845E11      1449.9678985529151
7.417362270450752E-4     4.041766426783704E11     0.8405991573173494       4.041766426783704E11     1315.279591527336
7.42737896494157E-4      4.036315629175096E11     0.837986515517605        4.036315629175096E11     1231.7776531222942
7.437395659432388E-4     4.030879513849607E11     0.8358177014980486       4.030879513849607E11     1175.4972433821185
7.447412353923206E-4     4.0254580215646716E11    0.8339021259838019       4.0254580215646716E11    1135.383584617523
7.457429048414024E-4     4.020051093396015E11     0.8321385161463917       4.020051093396015E11     1105.6463100477245
7.467445742904842E-4     4.0146586707355237E11    0.8304679834726759       4.0146586707355237E11    1082.965515408414
7.477462437395659E-4     4.009280695289127E11     0.8288538629328337       4.009280695289127E11     1065.3040292758953
7.487479131886479E-4     4.003917109074693E11     0.8272720554024577       4.003917109074693E11     1051.3438055322401
7.497495826377296E-4     3.9985678544199506E11    0.8257059998589856       3.9985678544199506E11    1040.1950261737118
7.507512520868114E-4     3.993232873960418E11     0.8241438776524811       3.993232873960418E11     1031.2356252651941
7.517529215358932E-4     3.987912110637352E11     0.8225769724442603       3.987912110637352E11     1024.017836243072
7.527545909849749E-4     3.98260550769572E11      0.8209986643888837       3.98260550769572E11      1018.2112676330278
7.537562604340569E-4     3.97731300868217E11      0.8194037897125386       3.97731300868217E11      1013.5668873866059
7.547579298831386E-4     3.972034557443043E11     0.8177882196392228       3.972034557443043E11     1009.8934830124662
7.557595993322204E-4     3.966770098122377E11     0.8161485757248297       3.966770098122377E11     1007.0418363977639
7.567612687813022E-4     3.961519575159938E11     0.814482032661897        3.961519575159938E11     1004.8938195320106
7.577629382303839E-4     3.9562829332892706E11    0.8127861787041379       3.9562829332892706E11    1003.3547157121196
7.587646076794659E-4     3.951060117535753E11     0.8110589149598599       3.951060117535753E11     1002.347706494417
7.597662771285476E-4     3.945851073214678E11     0.8092983814680623       3.945851073214678E11     1001.8098443855827
7.607679465776294E-4     3.9406557459293396E11    0.807502902082543        3.9406557459293396E11    1001.6890646040122
7.617696160267112E-4     3.935474081569143E11     0.8056709427931453       3.935474081569143E11     1001.9419362602873
7.62771285475793E-4      3.930306026307726E11     0.8038010797971302       3.930306026307726E11     1002.5319480806056
7.637729549248749E-4     3.925151526601092E11     0.8018919747473523       3.925151526601092E11     1003.4281861453239
7.647746243739566E-4     3.920010529185767E11     0.799942355351384        3.920010529185767E11     1004.6043029241795
7.657762938230385E-4     3.914882981076956E11     0.7979510000094219       3.914882981076956E11     1006.0377053864519
7.667779632721202E-4     3.909768829566732E11     0.7959167255343553       3.909768829566732E11     1007.7089097166953
7.67779632721202E-4      3.904668022222222E11     0.7938383772483233       3.904668022222222E11     1009.6010240366137
7.687813021702839E-4     3.899580506883822E11     0.7917148209301154       3.899580506883822E11     1011.6993304185501
7.697829716193656E-4     3.8945062316634143E11    0.7895449362170979       3.8945062316634143E11    1013.9909446045338
7.707846410684475E-4     3.8894451449426025E11    0.7873276111602302       3.8894451449426025E11    1016.4645370348011
7.717863105175292E-4     3.884397195370971E11     0.7850617377017335       3.884397195370971E11     1019.1101026286842
7.72787979966611E-4      3.8793623318643335E11    0.7827462078959673       3.8793623318643335E11    1021.9187696076966
7.737896494156929E-4     3.8743405036030206E11    0.780379910735171        3.8743405036030206E11    1024.8826398011918
7.747913188647747E-4     3.8693316600301654E11    0.7779617294709037       3.8693316600301654E11    1027.9946544916418
7.757929883138565E-4     3.8643357508500104E11    0.7754905393450158       3.8643357508500104E11    1031.248481112173
7.767946577629382E-4     3.8593527260262195E11    0.7729652056626046       3.8593527260262195E11    1034.638417054085
7.777963272120202E-4     3.85438253578021E11      0.7703845821522591       3.85438253578021E11      1038.1593075962999
7.787979966611019E-4     3.849425130589496E11     0.7677475095710088       3.849425130589496E11     1041.806475541983
7.797996661101837E-4     3.844480461186041E11     0.7650528145187748       3.844480461186041E11     1045.5756606082916
7.808013355592655E-4     3.839548478554629E11     0.7622993084349866       3.839548478554629E11     1049.4629669799867
7.818030050083472E-4     3.834629133931241E11     0.75948578675539         3.834629133931241E11     1053.4648177163056
7.828046744574292E-4     3.8297223788014496E11    0.7566110282105836       3.8297223788014496E11    1057.5779149448485
7.838063439065109E-4     3.824828164898829E11     0.7536737942531074       3.824828164898829E11     1061.7992049505438
7.848080133555927E-4     3.819946444203361E11     0.7506728286014108       3.819946444203361E11     1066.1258474220158
7.858096828046745E-4     3.815077168939877E11     0.7476068568918114       3.815077168939877E11     1070.5551882476746
7.868113522537563E-4     3.8102202915764905E11    0.7444745864326272       3.8102202915764905E11    1075.084735335753
7.878130217028381E-4     3.8053757648230554E11    0.7412747060546397       3.8053757648230554E11    1079.71213703819
7.888146911519199E-4     3.8005435416296295E11    0.7380058860545295       3.8005435416296295E11    1084.435162802782
7.898163606010018E-4     3.79572357518495E11      0.7346667782299048       3.79572357518495E11      1089.2516857545875
7.908180300500835E-4     3.790915818914925E11     0.7312560160028054       3.790915818914925E11     1094.1596669364194
7.918196994991654E-4     3.786120226481129E11     0.7277722146332428       3.786120226481129E11     1099.1571409926378
7.928213689482471E-4     3.781336751779321E11     0.7242139715216723       3.781336751779321E11     1104.2422030997598
7.938230383973289E-4     3.77656534893796E11      0.7205798666020856       3.77656534893796E11      1109.4129969871763
7.948247078464108E-4     3.7718059723167395E11    0.716868462827336        3.7718059723167395E11    1114.6677039029507
7.958263772954925E-4     3.767058576505139E11     0.7130783067484272       3.767058576505139E11     1120.0045324082403
7.968280467445744E-4     3.7623231163209717E11    0.7092079291906153       3.7623231163209717E11    1125.4217089005347
7.978297161936561E-4     3.757599546808955E11     0.705255846029165        3.757599546808955E11     1130.9174687650907
7.988313856427379E-4     3.75288782323929E11      0.7012205590679806       3.75288782323929E11      1136.490048096203
7.998330550918198E-4     3.748187901106241E11     0.6971005570247293       3.748187901106241E11     1142.1376759055381
8.008347245409015E-4     3.7434997361267456E11    0.6928943166262498       3.7434997361267456E11    1147.8585667762836
8.018363939899834E-4     3.738823284239017E11     0.6886003038182951       3.738823284239017E11     1153.650913901622
8.028380634390651E-4     3.7341585016011646E11    0.6842169750934265       3.7341585016011646E11    1159.512882478238
8.038397328881471E-4     3.729505344589823E11     0.679742778942202        3.729505344589823E11     1165.442603409606
8.048414023372288E-4     3.7248637697987964E11    0.6751761574311798       3.7248637697987964E11    1171.438167299216
8.058430717863105E-4     3.7202337340377045E11    0.670515547912668        3.7202337340377045E11    1177.497618702234
8.068447412353924E-4     3.715615194330643E11     0.6657593848706919       3.715615194330643E11     1183.6189506195208
8.078464106844741E-4     3.7110081079148584E11    0.6609061019070877       3.7110081079148584E11    1189.8000992167993
8.088480801335561E-4     3.7064124322394214E11    0.6559541338730892       3.7064124322394214E11    1196.0389387562707
8.098497495826378E-4     3.7018281249639246E11    0.6509019191493689       3.7018281249639246E11    1202.3332767329987
8.108514190317195E-4     3.697255143957175E11     0.6457479020793556       3.697255143957175E11     1208.6808492085154
8.118530884808014E-4     3.6926934472959076E11    0.6404905355597125       3.6926934472959076E11    1215.079316336989
8.128547579298831E-4     3.6881429932635034E11    0.635128283790503        3.6881429932635034E11    1221.5262580904027
8.138564273789651E-4     3.683603740348717E11     0.6296596251894334       3.683603740348717E11     1228.0191701739375
8.148580968280468E-4     3.6790756472444165E11    0.6240830554717157       3.6790756472444165E11    1234.5554601430133
8.158597662771285E-4     3.6745586728463275E11    0.6183970908984295       3.6745586728463275E11    1241.132443727513
8.168614357262104E-4     3.670052776251788E11     0.612600271694813        3.670052776251788E11     1247.7473413673854
8.178631051752921E-4     3.6655579167585223E11    0.6066911656392241       3.6655579167585223E11    1254.397274974584
8.188647746243741E-4     3.661074053863404E11     0.6006683718232979       3.661074053863404E11     1261.0792649266873
8.198664440734558E-4     3.65660114726125E11      0.5945305245826509       3.65660114726125E11      1267.7902273134064
8.208681135225377E-4     3.6521391568436035E11    0.5882762975964639       3.6521391568436035E11    1274.5269714462436
8.218697829716194E-4     3.647688042697542E11     0.5819044081537518       3.647688042697542E11     1281.2861976441068
8.228714524207011E-4     3.6432477651044836E11    0.5754136215827045       3.6432477651044836E11    1288.0644953199424
8.238731218697831E-4     3.638818284539007E11     0.5688027558382092       3.638818284539007E11     1294.8583413843164
8.248747913188648E-4     3.634399561667679E11     0.5620706862425322       3.634399561667679E11     1301.6640989803047
8.258764607679467E-4     3.629991557347887E11     0.5552163503701041       3.629991557347887E11     1308.4780165784912
8.268781302170284E-4     3.6255942326266907E11    0.5482387530702483       3.6255942326266907E11    1315.2962274473286
8.278797996661101E-4     3.6212075487396655E11    0.5411369716156487       3.6212075487396655E11    1322.1147495220398
8.288814691151921E-4     3.616831467109768E11     0.5339101609658662       3.616831467109768E11     1328.9294856968388
8.298831385642738E-4     3.612465949346208E11     0.5265575591323559       3.612465949346208E11     1335.7362245543386
8.308848080133557E-4     3.6081109572433185E11    0.5190784926305477       3.6081109572433185E11    1342.5306415682664
8.318864774624374E-4     3.60376645277945E11      0.5114723820013878       3.60376645277945E11      1349.3083007835355
8.328881469115194E-4     3.5994323981158545E11    0.5037387473846054       3.5994323981158545E11    1356.0646570098393
8.338898163606011E-4     3.595108755595595E11     0.4958772141230035       3.595108755595595E11     1362.7950585396331
8.348914858096828E-4     3.590795487742452E11     0.4878875183766937       3.590795487742452E11     1369.494750412634
8.358931552587647E-4     3.586492557259836E11     0.479769512721912        3.586492557259836E11     1376.1588782443189
8.368948247078464E-4     3.582199927029723E11     0.4715231717105861       3.582199927029723E11     1382.7824926348733
8.378964941569284E-4     3.5779175601115753E11    0.463148597361761        3.5779175601115753E11    1389.360554166849
8.388981636060101E-4     3.5736454197412933E11    0.45464602455783487      3.5736454197412933E11    1395.8879390133325
8.398998330550918E-4     3.569383469330153E11     0.4460158263133721       3.569383469330153E11     1402.35944515151
8.409015025041737E-4     3.565131672463768E11     0.4372585188860666       3.565131672463768E11     1408.7697992008896
8.419031719532554E-4     3.560889992901051E11     0.4283747666962779       3.560889992901051E11     1415.11366387726
8.429048414023373E-4     3.5566583945731824E11    0.4193653870206497       3.5566583945731824E11    1421.3856460664192
8.439065108514191E-4     3.5524368415825916E11    0.410231354425492        3.5524368415825916E11    1427.5803055130827
8.44908180300501E-4      3.548225298201936E11     0.4009738049039672       3.548225298201936E11     1433.6921641099982
8.459098497495827E-4     3.5440237288731E11       0.39159403968034356      3.5440237288731E11       1439.7157157787
8.469115191986644E-4     3.53983209820619E11      0.3820935286468494       3.53983209820619E11      1445.6454369213272
8.479131886477463E-4     3.535650370978539E11     0.37247391339442915      3.535650370978539E11     1451.475797416335
8.489148580968281E-4     3.531478512133726E11     0.36273700980477847      3.531478512133726E11     1457.2012721355718
8.4991652754591E-4       3.5273164867805927E11    0.35288481016726553      3.5273164867805927E11    1462.8163529460487
8.509181969949917E-4     3.52316426019227E11      0.34291948478759693      3.52316426019227E11      1468.3155611539148
8.519198664440734E-4     3.519021797805213E11     0.3328433830569699       3.519021797805213E11     1473.6934603537634
8.529215358931553E-4     3.514889065218242E11     0.3226590339520122       3.514889065218242E11     1478.9446696282691
8.539232053422371E-4     3.510766028191593E11     0.3123691459365844       3.510766028191593E11     1484.0638770498322
8.54924874791319E-4      3.5066526526459674E11    0.3019766062442381       3.5066526526459674E11    1489.0458534176726
8.559265442404007E-4     3.5025489046615955E11    0.2914844795163913       3.5025489046615955E11    1493.8854661772182
8.569282136894826E-4     3.498454750477303E11     0.2808960057809358       3.498454750477303E11     1498.5776934453354
8.579298831385643E-4     3.4943701564895886E11    0.27021459775678236      3.4943701564895886E11    1503.1176380781042
8.589315525876461E-4     3.490295089251701E11     0.25944383747595917      3.490295089251701E11     1507.5005417036607
8.59933222036728E-4      3.486229515472723E11     0.24858747221714786      3.486229515472723E11     1511.7217986429248
8.609348914858097E-4     3.482173402016676E11     0.237649409754121        3.482173402016676E11     1515.7769696440425
8.619365609348916E-4     3.478126715901607E11     0.2266337129238448       3.478126715901607E11     1519.661795341532
8.629382303839733E-4     3.4740894242987036E11    0.21554459352703975      3.4740894242987036E11    1523.3722093746878
8.639398998330551E-4     3.4700614945314014E11    0.20438640558308474      3.4700614945314014E11    1526.9043510682452
8.64941569282137E-4      3.466042894074503E11     0.1931636379642224       3.466042894074503E11     1530.2545776057761
8.659432387312187E-4     3.462033590553306E11     0.1818809064503645       3.462033590553306E11     1533.4194756194918
8.669449081803006E-4     3.45803355174273E11      0.1705429452501277       3.45803355174273E11      1536.3958721100962
8.679465776293823E-4     3.454042745566455E11     0.15915459805725193      3.454042745566455E11     1539.1808446352788
8.689482470784643E-4     3.450061140096061E11     0.14772080873294766      3.450061140096061E11     1541.771730697326
8.69949916527546E-4      3.446088703550182E11     0.13624661174490435      3.446088703550182E11     1544.16613625677
8.709515859766277E-4     3.4421254042936554E11    0.12473712256225168      3.4421254042936554E11    1546.3619433299211
8.719532554257096E-4     3.438171210836684E11     0.11319752833500452      3.438171210836684E11     1548.357316602453
8.729549248747913E-4     3.4342260918340027E11    0.10163307944169334      3.4342260918340027E11    1550.1507090243629
8.739565943238733E-4     3.430290016084049E11     0.09004908303164802      3.430290016084049E11     1551.7408663456845
8.74958263772955E-4      3.4263629525281433E11    0.07845090096573029      3.4263629525281433E11    1553.1268305608519
8.759599332220367E-4     3.422444870249666E11     0.06684395779347861      3.422444870249666E11     1554.307942243407
8.769616026711186E-4     3.4185357384732526E11    0.055233773781395046     3.4185357384732526E11    1555.2838417507583
8.779632721202003E-4     3.4146355265639856E11    0.043626069733088926     3.4146355265639856E11    1556.0544693019588
8.789649415692823E-4     3.4107442040265906E11    0.0320271252199243       3.4107442040265906E11    1556.6200639231622
8.79966611018364E-4      3.4068617405046484E11    0.020445392557570795     3.4068617405046484E11    1556.9811612765504
8.809682804674459E-4     3.4029881057797986E11    0.008905753351977068     3.4029881057797986E11    1557.1385903937835
8.819699499165276E-4     3.399123269770963E11     0.002897441775578056     3.399123269770963E11     1557.0934693361269
8.829716193656093E-4     3.39526720253356E11      0.01426712172095161      3.39526720253356E11      1556.8471998202908
8.839732888146913E-4     3.391419874258734E11     0.02574108209517153      3.391419874258734E11     1556.4014608510627
8.84974958263773E-4      3.3875812552725903E11    0.0371876967175363       3.3875812552725903E11    1555.7582014109817
8.859766277128549E-4     3.383751316035425E11     0.048594744790540725     3.383751316035425E11     1554.9196322603357
8.869782971619366E-4     3.379930027140975E11     0.059955721175649936     3.379930027140975E11     1553.8882169074132
8.879799666110183E-4     3.376117359315661E11     0.07126534773980546      3.376117359315661E11     1552.6666618142342
8.889816360601003E-4     3.37231328341784E11      0.08251881193583555      3.37231328341784E11      1551.2579059124655
8.89983305509182E-4      3.368517770437066E11     0.09371156550470457      3.368517770437066E11     1549.6651094911892
8.909849749582639E-4     3.364730791493348E11     0.10483925839300834      3.364730791493348E11     1547.8916425398481
8.919866444073456E-4     3.3609523178364215E11    0.11589771498181946      3.3609523178364215E11    1545.9410726208462
8.929883138564276E-4     3.357182320845017E11     0.1268829258563104       3.357182320845017E11     1543.8171523458125
8.939899833055093E-4     3.353420772026144E11     0.13779104583949586      3.353420772026144E11     1541.5238065371827
8.94991652754591E-4      3.3496676430143634E11    0.1486183946211168       3.3496676430143634E11    1539.0651191465217
8.959933222036729E-4     3.345922905571082E11     0.1593614583760447       3.345922905571082E11     1536.4453200177536
8.969949916527546E-4     3.3421865315838446E11    0.17001689161277309      3.3421865315838446E11    1533.6687715488506
8.979966611018365E-4     3.338458493065625E11     0.18058151887606133      3.338458493065625E11     1530.739955341922
8.989983305509183E-4     3.3347387621541315E11    0.19105233610712785      3.3347387621541315E11    1527.6634589022256
9.0E-4                   3.331027311111111E11     0.20142651156323482      3.331027311111111E11     1524.44396244829
