% Model:              grating_companont_2.mph
% Version:            COMSOL 5.3.1.180
% Date:               Sep 4 2018, 00:37
% Table:              Accumulated Probe Table 3 - 
% lambda (m)             freq                     sqrt(emw.S11*conj(emw.S11)) (1), S11Frequency, frequency
3.0E-4                   9.993081933333334E11     0.990991694209641        9.993081933333334E11
3.010016694490818E-4     9.959827084969496E11     0.7878253382078918       9.959827084969496E11
3.0200333889816356E-4    9.926792832614706E11     0.6205208024703474       9.926792832614706E11
3.030050083472454E-4     9.893976988539946E11     0.6826754527819731       9.893976988539946E11
3.040066777963272E-4     9.861377393849534E11     0.7753790600599597       9.861377393849534E11
3.0500834724540897E-4    9.828991918007665E11     0.8575927908811127       9.828991918007665E11
3.060100166944908E-4     9.79681845837425E11      0.9898925758346393       9.79681845837425E11
3.070116861435726E-4     9.764854939749863E11     0.8061914996586429       9.764854939749863E11
3.080133555926544E-4     9.733099313929541E11     0.8432909828953091       9.733099313929541E11
3.090150250417362E-4     9.701549559265262E11     0.8625954027929347       9.701549559265262E11
3.10016694490818E-4      9.670203680236942E11     0.8760883219627532       9.670203680236942E11
3.110183639398998E-4     9.639059707031671E11     0.8921151638419134       9.639059707031671E11
3.120200333889816E-4     9.608115695131086E11     0.925368004521231        9.608115695131086E11
3.1302170283806343E-4    9.577369724906666E11     0.9777540667063069       9.577369724906666E11
3.140233722871452E-4     9.546819901222755E11     0.9999403383719696       9.546819901222755E11
3.15025041736227E-4      9.516464353047166E11     0.9929716817543285       9.516464353047166E11
3.1602671118530884E-4    9.486301233069203E11     0.98249564114258         9.486301233069203E11
3.170283806343906E-4     9.456328717324908E11     0.9743820441835671       9.456328717324908E11
3.1803005008347243E-4    9.426545004829397E11     0.968276567878456        9.426545004829397E11
3.1903171953255425E-4    9.396948317216117E11     0.9631095430314061       9.396948317216117E11
3.20033388981636E-4      9.367536898382891E11     0.9575613901574997       9.367536898382891E11
3.2103505843071784E-4    9.338309014144565E11     0.9481357155293103       9.338309014144565E11
3.2203672787979966E-4    9.309262951892172E11     0.882840191705068        9.309262951892172E11
3.2303839732888143E-4    9.2803970202584E11       0.9827141736076456       9.2803970202584E11
3.2404006677796325E-4    9.251709548789285E11     0.96842643898381         9.251709548789285E11
3.250417362270451E-4     9.223198887621982E11     0.9627243911869339       9.223198887621982E11
3.2604340567612684E-4    9.19486340716846E11      0.9588340319887128       9.19486340716846E11
3.2704507512520866E-4    9.166701497805004E11     0.9554881926580256       9.166701497805004E11
3.280467445742905E-4     9.138711569567429E11     0.9522482398085035       9.138711569567429E11
3.2904841402337225E-4    9.110892051851853E11     0.9488947135484134       9.110892051851853E11
3.300500834724541E-4     9.083241393120891E11     0.9452806294796168       9.083241393120891E11
3.310517529215359E-4     9.05575806061523E11      0.9412807609993453       9.05575806061523E11
3.3205342237061766E-4    9.028440540070388E11     0.9367671842644582       9.028440540070388E11
3.330550918196995E-4     9.001287335438597E11     0.931591534193741        9.001287335438597E11
3.340567612687813E-4     8.974296968615692E11     0.925565141228742        8.974296968615692E11
3.3505843071786307E-4    8.947467979172896E11     0.9184281794849921       8.947467979172896E11
3.360601001669449E-4     8.920798924093394E11     0.9097898820412965       8.920798924093394E11
3.370617696160267E-4     8.894288377513619E11     0.8989883589034438       8.894288377513619E11
3.380634390651085E-4     8.867934930469137E11     0.8846794965059552       8.867934930469137E11
3.390651085141903E-4     8.841737190645002E11     0.8631660580647814       8.841737190645002E11
3.400667779632721E-4     8.815693782130585E11     0.8157670061294288       8.815693782130585E11
3.410684474123539E-4     8.78980334517866E11      0.7371977441642179       8.78980334517866E11
3.420701168614357E-4     8.764064535968766E11     0.8951939249366744       8.764064535968766E11
3.430717863105175E-4     8.738476026374697E11     0.8477496743113477       8.738476026374697E11
3.440734557595993E-4     8.713036503736051E11     0.808783230074634        8.713036503736051E11
3.450751252086811E-4     8.687744670633768E11     0.7657097438265971       8.687744670633768E11
3.4607679465776294E-4    8.66259924466956E11      0.7133941118931815       8.66259924466956E11
3.470784641068447E-4     8.637598958249159E11     0.6473897429586538       8.637598958249159E11
3.4808013355592653E-4    8.612742558369305E11     0.5628535783971265       8.612742558369305E11
3.490818030050083E-4     8.588028806408418E11     0.4547400479635055       8.588028806408418E11
3.500834724540901E-4     8.56345647792084E11      0.31919953477274976      8.56345647792084E11
3.5108514190317194E-4    8.539024362434618E11     0.1564280213572065       8.539024362434618E11
3.5208681135225376E-4    8.514731263252727E11     0.02627298767415091      8.514731263252727E11
3.5308848080133553E-4    8.490575997257683E11     0.21328332329780006      8.490575997257683E11
3.5409015025041735E-4    8.466557394719471E11     0.3873693361709664       8.466557394719471E11
3.550918196994991E-4     8.442674299106725E11     0.5358093028657182       8.442674299106725E11
3.5609348914858094E-4    8.418925566901079E11     0.6544428676638043       8.418925566901079E11
3.5709515859766276E-4    8.39531006741468E11      0.7456139921803021       8.39531006741468E11
3.580968280467446E-4     8.371826682610723E11     0.8144777508948593       8.371826682610723E11
3.5909849749582635E-4    8.34847430692701E11      0.86640761925621         8.34847430692701E11
3.6010016694490817E-4    8.325251847102457E11     0.9058910993907062       8.325251847102457E11
3.6110183639398994E-4    8.302158222006473E11     0.9363033758857544       8.302158222006473E11
3.6210350584307176E-4    8.279192362471185E11     0.9600039700040569       8.279192362471185E11
3.631051752921536E-4     8.256353211126437E11     0.9784422466438681       8.256353211126437E11
3.641068447412354E-4     8.233639722237505E11     0.9920548765904286       8.233639722237505E11
3.6510851419031717E-4    8.211050861545496E11     0.9995597239086166       8.211050861545496E11
3.66110183639399E-4      8.188585606110352E11     0.9953047700749572       8.188585606110352E11
3.6711185308848076E-4    8.166242944156436E11     0.9592412505317747       8.166242944156436E11
3.681135225375626E-4     8.144021874920636E11     0.8192184091234562       8.144021874920636E11
3.691151919866444E-4     8.121921408502941E11     0.4136782705690484       8.121921408502941E11
3.701168614357262E-4     8.099940565719441E11     0.3274844120259257       8.099940565719441E11
3.71118530884808E-4      8.078078377957715E11     0.6283212316498289       8.078078377957715E11
3.721202003338898E-4     8.056333887034545E11     0.7750421663584504       8.056333887034545E11
3.731218697829716E-4     8.034706145055929E11     0.8499293158298439       8.034706145055929E11
3.741235392320534E-4     8.01319421427934E11      0.8935473121277673       8.01319421427934E11
3.751252086811352E-4     7.991797166978192E11     0.9218523548402087       7.991797166978192E11
3.7612687813021704E-4    7.970514085308477E11     0.9417876759971546       7.970514085308477E11
3.771285475792988E-4     7.949344061177512E11     0.9567233476664737       7.949344061177512E11
3.7813021702838063E-4    7.928286196114791E11     0.9684382977510674       7.928286196114791E11
3.791318864774624E-4     7.90733960114487E11      0.9779155793552927       7.90733960114487E11
3.801335559265442E-4     7.886503396662275E11     0.9856840037707059       7.886503396662275E11
3.8113522537562604E-4    7.865776712308367E11     0.9919613126651556       7.865776712308367E11
3.8213689482470786E-4    7.845158686850153E11     0.9966924592041264       7.845158686850153E11
3.8313856427378963E-4    7.824648468061002E11     0.9995158667126222       7.824648468061002E11
3.8414023372287145E-4    7.804245212603215E11     0.999669993863604        7.804245212603215E11
3.851419031719532E-4     7.78394808591244E11      0.9958667389455784       7.78394808591244E11
3.8614357262103504E-4    7.763756262083875E11     0.9862397657958741       7.763756262083875E11
3.8714524207011686E-4    7.743668923760242E11     0.9686762954753042       7.743668923760242E11
3.881469115191987E-4     7.723685262021504E11     0.9420610872334297       7.723685262021504E11
3.8914858096828045E-4    7.703804476276277E11     0.908495801762966        7.703804476276277E11
3.9015025041736227E-4    7.6840257741549E11       0.8745042295473833       7.6840257741549E11
3.9115191986644404E-4    7.664348371404183E11     0.8481244342081725       7.664348371404183E11
3.9215358931552586E-4    7.644771491783738E11     0.8336275846031507       7.644771491783738E11
3.931552587646077E-4     7.625294366963906E11     0.829923833276228        7.625294366963906E11
3.941569282136895E-4     7.605916236425243E11     0.8333066774651184       7.605916236425243E11
3.9515859766277127E-4    7.586636347359528E11     0.8402769814660959       7.586636347359528E11
3.961602671118531E-4     7.567453954572272E11     0.8485263468155475       7.567453954572272E11
3.9716193656093486E-4    7.548368320386718E11     0.8568001971940041       7.548368320386718E11
3.981636060100167E-4     7.529378714549268E11     0.8645115905302263       7.529378714549268E11
3.991652754590985E-4     7.510484414136344E11     0.8714368890357983       7.510484414136344E11
4.001669449081803E-4     7.491684703462661E11     0.8775322485804649       7.491684703462661E11
4.011686143572621E-4     7.472978873990845E11     0.8828349311605225       7.472978873990845E11
4.021702838063439E-4     7.454366224242424E11     0.887413495153789        7.454366224242424E11
4.031719532554257E-4     7.435846059710145E11     0.8913438906367676       7.435846059710145E11
4.041736227045075E-4     7.417417692771582E11     0.8946987039102744       7.417417692771582E11
4.051752921535893E-4     7.399080442604038E11     0.8975428783342154       7.399080442604038E11
4.0617696160267114E-4    7.380833635100698E11     0.8999325195837725       7.380833635100698E11
4.071786310517529E-4     7.362676602788029E11     0.9019150908041597       7.362676602788029E11
4.0818030050083473E-4    7.344608684744376E11     0.9035301650403905       7.344608684744376E11
4.091819699499165E-4     7.326629226519789E11     0.904810335798467        7.326629226519789E11
4.101836393989983E-4     7.30873758005698E11      0.9057821027589504       7.30873758005698E11
4.1118530884808014E-4    7.290933103613479E11     0.9064666559623809       7.290933103613479E11
4.1218697829716196E-4    7.273215161684891E11     0.9068805325702827       7.273215161684891E11
4.1318864774624373E-4    7.255583124929293E11     0.9070361430396046       7.255583124929293E11
4.1419031719532555E-4    7.238036370092705E11     0.9069421720631771       7.238036370092705E11
4.151919866444073E-4     7.220574279935665E11     0.9066038607833319       7.220574279935665E11
4.1619365609348914E-4    7.203196243160851E11     0.9060231737712232       7.203196243160851E11
4.1719532554257096E-4    7.185901654341736E11     0.9051988482240056       7.185901654341736E11
4.1819699499165273E-4    7.168689913852296E11     0.9041263134592478       7.168689913852296E11
4.1919866444073455E-4    7.151560427797689E11     0.9027974543631072       7.151560427797689E11
4.2020033388981637E-4    7.134512607945967E11     0.9012001691212431       7.134512607945967E11
4.2120200333889814E-4    7.117545871660721E11     0.8993176314262797       7.117545871660721E11
4.2220367278797996E-4    7.100659641834717E11     0.8971270940285043       7.100659641834717E11
4.232053422370618E-4     7.083853346824458E11     0.89459792817263         7.083853346824458E11
4.242070116861436E-4     7.067126420385675E11     0.8916882990863666       7.067126420385675E11
4.2520868113522537E-4    7.050478301609738E11     0.8883392233488785       7.050478301609738E11
4.2621035058430714E-4    7.033908434860948E11     0.8844631698408271       7.033908434860948E11
4.2721202003338896E-4    7.017416269714733E11     0.8799201035475105       7.017416269714733E11
4.282136894824708E-4     7.001001260896686E11     0.8744607284759155       7.001001260896686E11
4.292153589315526E-4     6.98466286822248E11      0.8675679092499543       6.98466286822248E11
4.302170283806344E-4     6.968400556538611E11     0.8578893469829988       6.968400556538611E11
4.312186978297162E-4     6.952213795663956E11     0.8401005382973449       6.952213795663956E11
4.3222036727879796E-4    6.936102060332175E11     0.745914582950161        6.936102060332175E11
4.332220367278798E-4     6.920064830134875E11     0.9116680667560519       6.920064830134875E11
4.342237061769616E-4     6.904101589465591E11     0.8726655425256991       6.904101589465591E11
4.352253756260434E-4     6.888211827464518E11     0.8563686218679658       6.888211827464518E11
4.3622704507512524E-4    6.872395037964025E11     0.8436907291598352       6.872395037964025E11
4.37228714524207E-4      6.856650719434899E11     0.8316196609583115       6.856650719434899E11
4.382303839732888E-4     6.840978374933334E11     0.8191483235750852       6.840978374933334E11
4.392320534223706E-4     6.825377512048651E11     0.8057603642637837       6.825377512048651E11
4.402337228714524E-4     6.809847642851726E11     0.7910911805820318       6.809847642851726E11
4.4123539232053424E-4    6.794388283844116E11     0.7748189670129384       6.794388283844116E11
4.4223706176961606E-4    6.77899895590789E11      0.7566194234818442       6.77899895590789E11
4.4323873121869783E-4    6.76367918425612E11      0.7361422370172852       6.76367918425612E11
4.442404006677796E-4     6.748428498384066E11     0.7129963945443302       6.748428498384066E11
4.452420701168614E-4     6.733246432020997E11     0.686740097859125        6.733246432020997E11
4.4624373956594324E-4    6.718132523082678E11     0.6568744515144358       6.718132523082678E11
4.4724540901502506E-4    6.703086313624486E11     0.6228419887692621       6.703086313624486E11
4.482470784641069E-4     6.688107349795159E11     0.5840326556054157       6.688107349795159E11
4.4924874791318865E-4    6.673195181791156E11     0.539801435700912        6.673195181791156E11
4.502504173622704E-4     6.658349363811643E11     0.48950328896917983      6.658349363811643E11
4.5125208681135224E-4    6.643569454014059E11     0.4325519839105312       6.643569454014059E11
4.5225375626043406E-4    6.628855014470284E11     0.36850879192881875      6.628855014470284E11
4.532554257095159E-4     6.614205611123389E11     0.2972042242171178       6.614205611123389E11
4.542570951585977E-4     6.599620813744946E11     0.21889554337128847      6.599620813744946E11
4.5525876460767947E-4    6.585100195892922E11     0.13451690689028709      6.585100195892922E11
4.5626043405676124E-4    6.570643334870107E11     0.0473521990643681       6.570643334870107E11
4.5726210350584306E-4    6.556249811683096E11     0.05404547322495756      6.556249811683096E11
4.582637729549249E-4     6.541919211001823E11     0.1458331139187729       6.541919211001823E11
4.592654424040067E-4     6.527651121119592E11     0.2379742888114784       6.527651121119592E11
4.6026711185308847E-4    6.513445133913674E11     0.3265647762705545       6.513445133913674E11
4.612687813021703E-4     6.49930084480637E11      0.40950997398610706      6.49930084480637E11
4.6227045075125206E-4    6.485217852726617E11     0.4854497478308724       6.485217852726617E11
4.632721202003339E-4     6.471195760072073E11     0.5536853741923967       6.471195760072073E11
4.642737896494157E-4     6.457234172671702E11     0.6140834313652274       6.457234172671702E11
4.652754590984975E-4     6.443332699748834E11     0.6669344022510401       6.443332699748834E11
4.662771285475793E-4     6.429490953884713E11     0.7128022917228201       6.429490953884713E11
4.672787979966611E-4     6.415708550982493E11     0.7523942921719929       6.415708550982493E11
4.682804674457429E-4     6.40198511023173E11      0.786463305980392        6.40198511023173E11
4.692821368948247E-4     6.388320254073284E11     0.8157436952719144       6.388320254073284E11
4.702838063439065E-4     6.374713608164713E11     0.8409142967798507       6.374713608164713E11
4.7128547579298834E-4    6.361164801346085E11     0.8625810333717315       6.361164801346085E11
4.722871452420701E-4     6.347673465606221E11     0.8812722178961324       6.347673465606221E11
4.7328881469115193E-4    6.334239236049382E11     0.8974412840302769       6.334239236049382E11
4.742904841402337E-4     6.320861750862372E11     0.9114733315638321       6.320861750862372E11
4.752921535893155E-4     6.307540651282051E11     0.9236932021508738       6.307540651282051E11
4.7629382303839734E-4    6.294275581563267E11     0.9343737481907619       6.294275581563267E11
4.7729549248747916E-4    6.281066188947184E11     0.9437435792368405       6.281066188947184E11
4.782971619365609E-4     6.267912123630017E11     0.9519939521946833       6.267912123630017E11
4.7929883138564275E-4    6.254813038732148E11     0.9592846899268807       6.254813038732148E11
4.803005008347245E-4     6.24176859026764E11      0.96574912473993         6.24176859026764E11
4.8130217028380634E-4    6.228778437114116E11     0.9714981061770931       6.228778437114116E11
4.8230383973288816E-4    6.21584224098304E11      0.9766231074620827       6.21584224098304E11
4.8330550918197E-4       6.202959666390327E11     0.9811984175381178       6.202959666390327E11
4.8430717863105175E-4    6.19013038062737E11      0.9852823040179218       6.19013038062737E11
4.8530884808013357E-4    6.177354053732369E11     0.988916835871585        6.177354053732369E11
4.8631051752921534E-4    6.164630358462068E11     0.9921256628051429       6.164630358462068E11
4.8731218697829716E-4    6.151958970263789E11     0.9949082167455093       6.151958970263789E11
4.88313856427379E-4      6.139339567247863E11     0.9972269065636852       6.139339567247863E11
4.893155258764608E-4     6.126771830160354E11     0.998979207583173        6.126771830160354E11
4.903171953255425E-4     6.114255442356146E11     0.9999339311667015       6.114255442356146E11
4.913188647746244E-4     6.10179008977234E11      0.9995728588456325       6.10179008977234E11
4.923205342237062E-4     6.089375460902001E11     0.9966465300487403       6.089375460902001E11
4.93322203672788E-4      6.07701124676819E11      0.9877004990187356       6.07701124676819E11
4.943238731218698E-4     6.064697140898345E11     0.9608809031781179       6.064697140898345E11
4.953255425709516E-4     6.052432839298955E11     0.8598689773127641       6.052432839298955E11
4.963272120200334E-4     6.040218040430541E11     0.3631609006490998       6.040218040430541E11
4.973288814691152E-4     6.028052445182948E11     0.6047662717269928       6.028052445182948E11
4.98330550918197E-4      6.015935756850922E11     0.870744763462168        6.015935756850922E11
4.993322203672788E-4     6.003867681109996E11     0.9421292128085861       6.003867681109996E11
5.003338898163606E-4     5.99184792599266E11      0.9698132745369288       5.99184792599266E11
5.013355592654424E-4     5.979876201864801E11     0.9833912307216208       5.979876201864801E11
5.023372287145242E-4     5.96795222140246E11      0.9909939692174256       5.96795222140246E11
5.033388981636061E-4     5.956075699568821E11     0.9955224878952164       5.956075699568821E11
5.043405676126878E-4     5.944246353591526E11     0.9982015658743479       5.944246353591526E11
5.053422370617696E-4     5.932463902940205E11     0.9996021120544981       5.932463902940205E11
5.063439065108514E-4     5.920728069304319E11     0.9999981322918366       5.920728069304319E11
5.073455759599333E-4     5.90903857657124E11      0.9995096615363965       5.90903857657124E11
5.083472454090151E-4     5.897395150804597E11     0.9981655778735119       5.897395150804597E11
5.093489148580968E-4     5.885797520222878E11     0.995932621377859        5.885797520222878E11
5.103505843071786E-4     5.87424541517828E11      0.9927286967732283       5.87424541517828E11
5.113522537562604E-4     5.862738568135814E11     0.9884283061598199       5.862738568135814E11
5.123539232053423E-4     5.851276713652655E11     0.9828639670661115       5.851276713652655E11
5.133555926544241E-4     5.839859588357723E11     0.9758259377373204       5.839859588357723E11
5.143572621035058E-4     5.828486930931516E11     0.9670621746129273       5.828486930931516E11
5.153589315525877E-4     5.817158482086167E11     0.9562807078370787       5.817158482086167E11
5.163606010016694E-4     5.805873984545748E11     0.943157353723819        5.805873984545748E11
5.173622704507513E-4     5.794633183026783E11     0.9273527477055462       5.794633183026783E11
5.183639398998331E-4     5.783435824219001E11     0.9085437907921461       5.783435824219001E11
5.193656093489149E-4     5.772281656766312E11     0.8864751086239706       5.772281656766312E11
5.203672787979967E-4     5.761170431247994E11     0.8610348018005372       5.761170431247994E11
5.213689482470784E-4     5.750101900160103E11     0.8323538044508441       5.750101900160103E11
5.223706176961603E-4     5.739075817897092E11     0.8009177506967687       5.739075817897092E11
5.233722871452421E-4     5.728091940733652E11     0.7676642479431316       5.728091940733652E11
5.243739565943239E-4     5.717150026806749E11     0.7340211356971892       5.717150026806749E11
5.253756260434057E-4     5.706249836097871E11     0.7018334404041611       5.706249836097871E11
5.263772954924874E-4     5.695391130415479E11     0.6731436884664015       5.695391130415479E11
5.273789649415693E-4     5.684573673377651E11     0.6498424084903867       5.684573673377651E11
5.283806343906511E-4     5.673797230394945E11     0.6332815012699045       5.673797230394945E11
5.293823038397329E-4     5.663061568653422E11     0.6239970612218513       5.663061568653422E11
5.303839732888147E-4     5.652366457097891E11     0.6216621362168346       5.652366457097891E11
5.313856427378965E-4     5.641711666415331E11     0.625277880298414        5.641711666415331E11
5.323873121869784E-4     5.631096969018501E11     0.6334936941315867       5.631096969018501E11
5.333889816360601E-4     5.620522139029734E11     0.6449138658576312       5.620522139029734E11
5.343906510851419E-4     5.609986952264918E11     0.6583029364481174       5.609986952264918E11
5.353923205342237E-4     5.599491186217649E11     0.6726773228134194       5.599491186217649E11
5.363939899833055E-4     5.589034620043573E11     0.6873145505761442       5.589034620043573E11
5.373956594323874E-4     5.578617034544889E11     0.7017191518202033       5.578617034544889E11
5.383973288814691E-4     5.568238212155039E11     0.7155740194794318       5.568238212155039E11
5.393989983305509E-4     5.557897936923553E11     0.7286930978726561       5.557897936923553E11
5.404006677796327E-4     5.547595994501082E11     0.7409819493592997       5.547595994501082E11
5.414023372287145E-4     5.537332172124575E11     0.7524075455439482       5.537332172124575E11
5.424040066777964E-4     5.527106258602646E11     0.7629763228677418       5.527106258602646E11
5.434056761268782E-4     5.516918044301074E11     0.7727188222998083       5.516918044301074E11
5.4440734557596E-4       5.506767321128488E11     0.7816792438386537       5.506767321128488E11
5.454090150250417E-4     5.496653882522192E11     0.7899085235569283       5.496653882522192E11
5.464106844741235E-4     5.4865775234341583E11    0.7974598663236584       5.4865775234341583E11
5.474123539232054E-4     5.47653804031717E11      0.8043859554756257       5.47653804031717E11
5.484140233722872E-4     5.466535231111111E11     0.8107372881305457       5.466535231111111E11
5.49415692821369E-4      5.4565688952294135E11    0.8165612538088483       5.4565688952294135E11
5.504173622704507E-4     5.446638833545648E11     0.821901695135312        5.446638833545648E11
5.514190317195326E-4     5.4367448483802594E11    0.8267987742360442       5.4367448483802594E11
5.524207011686144E-4     5.426886743487458E11     0.831289026987827        5.426886743487458E11
5.534223706176962E-4     5.417064324042232E11     0.8354055272280082       5.417064324042232E11
5.54424040066778E-4      5.4072773966275214E11    0.8391781100882004       5.4072773966275214E11
5.554257095158597E-4     5.397525769221521E11     0.8426336217909269       5.397525769221521E11
5.564273789649416E-4     5.387809251185118E11     0.8457961753969538       5.387809251185118E11
5.574290484140234E-4     5.3781276532494763E11    0.8486874000362956       5.3781276532494763E11
5.584307178631052E-4     5.3684807875037366E11    0.8513266764423524       5.3684807875037366E11
5.59432387312187E-4      5.3588684673828705E11    0.8537313550414293       5.3588684673828705E11
5.604340567612688E-4     5.3492905076556445E11    0.8559169550347997       5.3492905076556445E11
5.614357262103506E-4     5.3397467244127264E11    0.8578973442759923       5.3397467244127264E11
5.624373956594324E-4     5.330236935054913E11     0.8596849005606676       5.330236935054913E11
5.634390651085143E-4     5.320760958281481E11     0.8612906554043821       5.320760958281481E11
5.64440734557596E-4      5.311318614078675E11     0.8627244216066152       5.311318614078675E11
5.654424040066778E-4     5.301909723708296E11     0.8639949059840117       5.301909723708296E11
5.664440734557596E-4     5.292534109696434E11     0.8651098086365371       5.292534109696434E11
5.674457429048413E-4     5.2831915958223016E11    0.8660759100465135       5.2831915958223016E11
5.684474123539233E-4     5.273882007107195E11     0.8668991472157224       5.273882007107195E11
5.69449081803005E-4      5.264605169803577E11     0.8675846799288852       5.264605169803577E11
5.704507512520868E-4     5.255360911384255E11     0.8681369481231227       5.255360911384255E11
5.714524207011686E-4     5.2461490605316974E11    0.8685597212231989       5.2461490605316974E11
5.724540901502505E-4     5.236969447127442E11     0.8688561401964009       5.236969447127442E11
5.734557595993323E-4     5.2278219022416296E11    0.8690287529756435       5.2278219022416296E11
5.74457429048414E-4      5.218706258122639E11     0.869079543805057        5.218706258122639E11
5.754590984974959E-4     5.2096223481868286E11    0.8690099569727335       5.2096223481868286E11
5.764607679465776E-4     5.2005700070083984E11    0.8688209153137452       5.2005700070083984E11
5.774624373956595E-4     5.191549070309338E11     0.8685128337891576       5.191549070309338E11
5.784641068447413E-4     5.1825593749494946E11    0.8680856283770184       5.1825593749494946E11
5.79465776293823E-4      5.173600758916739E11     0.867538720442385        5.173600758916739E11
5.804674457429049E-4     5.1646730613172266E11    0.866871036690922        5.1646730613172266E11
5.814691151919866E-4     5.155776122365777E11     0.8660810047473515       5.155776122365777E11
5.824707846410685E-4     5.146909783376325E11     0.8651665443391753       5.146909783376325E11
5.834724540901503E-4     5.138073886752503E11     0.864125054005838        5.138073886752503E11
5.844741235392321E-4     5.1292682759782916E11    0.8629533931896939       5.1292682759782916E11
5.854757929883139E-4     5.1204927956087823E11    0.8616478595035671       5.1204927956087823E11
5.864774624373956E-4     5.11174729126103E11      0.8602041609000364       5.11174729126103E11
5.874791318864776E-4     5.1030316096050006E11    0.8586173823970684       5.1030316096050006E11
5.884808013355593E-4     5.09434559835461E11      0.856881946937571        5.09434559835461E11
5.894824707846411E-4     5.08568910625885E11      0.8549915698759777       5.08568910625885E11
5.904841402337229E-4     5.0770619830930164E11    0.8529392064937542       5.0770619830930164E11
5.914858096828046E-4     5.0684640796500146E11    0.8507169918433705       5.0684640796500146E11
5.924874791318866E-4     5.059895247731755E11     0.8483161721086828       5.059895247731755E11
5.934891485809683E-4     5.0513553401406476E11    0.8457270265436607       5.0513553401406476E11
5.944908180300501E-4     5.04284421067116E11      0.842938778912705        5.04284421067116E11
5.954924874791319E-4     5.0343617141014856E11    0.8399394972051041       5.0343617141014856E11
5.964941569282137E-4     5.025907706185278E11     0.8367159802170253       5.025907706185278E11
5.974958263772956E-4     5.0174820436434753E11    0.8332536294179875       5.0174820436434753E11
5.984974958263773E-4     5.0090845841562067E11    0.8295363043022457       5.0090845841562067E11
5.994991652754592E-4     5.0007151863547754E11    0.8255461592127322       5.0007151863547754E11
6.005008347245409E-4     4.9923737098137335E11    0.8212634593869358       4.9923737098137335E11
6.015025041736227E-4     4.9840600150430194E11    0.8166663737282499       4.9840600150430194E11
6.025041736227046E-4     4.975773963480188E11     0.8117307415708405       4.975773963480188E11
6.035058430717863E-4     4.967515417482711E11     0.806429810478236        4.967515417482711E11
6.045075125208682E-4     4.9592842403203534E11    0.8007339419281434       4.9592842403203534E11
6.055091819699499E-4     4.951080296167632E11     0.7946102816336473       4.951080296167632E11
6.065108514190317E-4     4.942903450096339E11     0.788022391264094        4.942903450096339E11
6.075125208681136E-4     4.93475356806815E11      0.7809298385604699       4.93475356806815E11
6.085141903171954E-4     4.9266305169272974E11    0.7732877433885778       4.9266305169272974E11
6.095158597662772E-4     4.9185341643933167E11    0.7650462783057562       4.9185341643933167E11
6.105175292153589E-4     4.9104643790538696E11    0.75615012397368         4.9104643790538696E11
6.115191986644408E-4     4.9024210303576294E11    0.7465378825700838       4.9024210303576294E11
6.125208681135226E-4     4.89440398860725E11      0.7361414567081462       4.89440398860725E11
6.135225375626044E-4     4.886413124952381E11     0.7248854079623023       4.886413124952381E11
6.145242070116862E-4     4.8784483113827765E11    0.7126863188833931       4.8784483113827765E11
6.155258764607679E-4     4.870509420721454E11     0.6994521967536012       4.870509420721454E11
6.165275459098498E-4     4.8625963266179254E11    0.6850819782240044       4.8625963266179254E11
6.175292153589316E-4     4.854708903541498E11     0.6694652242065539       4.854708903541498E11
6.185308848080134E-4     4.846847026774629E11     0.6524821379487441       4.846847026774629E11
6.195325542570952E-4     4.839010572406359E11     0.6340041019628199       4.839010572406359E11
6.205342237061769E-4     4.831199417325801E11     0.6138950201150143       4.831199417325801E11
6.215358931552588E-4     4.8234134392156854E11    0.5920138831403804       4.8234134392156854E11
6.225375626043405E-4     4.815652516545991E11     0.5682191706965509       4.815652516545991E11
6.235392320534224E-4     4.807916528567604E11     0.5423759974610458       4.807916528567604E11
6.245409015025042E-4     4.8002053553060675E11    0.5143673704824068       4.8002053553060675E11
6.25542570951586E-4      4.792518877555377E11     0.484111674587071        4.792518877555377E11
6.265442404006678E-4     4.784856976871836E11     0.45158978804598543      4.784856976871836E11
6.275459098497495E-4     4.77721953556797E11      0.41688754816459594      4.77721953556797E11
6.285475792988315E-4     4.769606436706507E11     0.38026362737564545      4.769606436706507E11
6.295492487479132E-4     4.762017564094404E11     0.3422610682837034       4.762017564094404E11
6.30550918196995E-4      4.75445280227694E11      0.3038951203329263       4.75445280227694E11
6.315525876460768E-4     4.7469120365318524E11    0.26696779378642854      4.7469120365318524E11
6.325542570951585E-4     4.739395152863553E11     0.23453937378457407      4.739395152863553E11
6.335559265442405E-4     4.7319020379973645E11    0.21133604074566634      4.7319020379973645E11
6.345575959933222E-4     4.7244325793738495E11    0.203057429949607        4.7244325793738495E11
6.35559265442404E-4      4.7169866651431573E11    0.2133196592471589       4.7169866651431573E11
6.365609348914858E-4     4.709564184159455E11     0.24074079292105918      4.709564184159455E11
6.375626043405677E-4     4.7021650259753864E11    0.2804707279067158       4.7021650259753864E11
6.385642737896495E-4     4.694789080836601E11     0.32752538486631155      4.694789080836601E11
6.395659432387312E-4     4.6874362396763245E11    0.37816461110025157      4.6874362396763245E11
6.405676126878131E-4     4.680106394109981E11     0.42982075066286496      4.680106394109981E11
6.415692821368948E-4     4.6727994364298724E11    0.480750796733           4.6727994364298724E11
6.425709515859767E-4     4.6655152595998956E11    0.5297763357755778       4.6655152595998956E11
6.435726210350585E-4     4.658253757250324E11     0.5761233621922435       4.658253757250324E11
6.445742904841402E-4     4.651014823672624E11     0.6193204648716641       4.651014823672624E11
6.455759599332221E-4     4.6437983538143256E11    0.6591264905362784       4.6437983538143256E11
6.465776293823038E-4     4.6366042432739484E11    0.6954736414064722       4.6366042432739484E11
6.475792988313856E-4     4.629432388295952E11     0.7284204490440178       4.629432388295952E11
6.485809682804675E-4     4.622282685765766E11     0.7581128079247387       4.622282685765766E11
6.495826377295493E-4     4.6151550332048315E11    0.7847524572581033       4.6151550332048315E11
6.505843071786311E-4     4.6080493287657166E11    0.8085724080746852       4.6080493287657166E11
6.515859766277128E-4     4.600965471227261E11     0.8298185942322148       4.600965471227261E11
6.525876460767948E-4     4.593903359989767E11     0.8487368223325191       4.593903359989767E11
6.535893155258765E-4     4.586862895070243E11     0.8655640126422948       4.586862895070243E11
6.545909849749583E-4     4.579843977097679E11     0.8805227577609313       4.579843977097679E11
6.555926544240401E-4     4.5728465073083777E11    0.8938183378557059       4.5728465073083777E11
6.565943238731218E-4     4.565870387541317E11     0.9056374787647391       4.565870387541317E11
6.575959933222038E-4     4.558915520233561E11     0.916148291131979        4.558915520233561E11
6.585976627712855E-4     4.5519818084157166E11    0.9255009666760844       4.5519818084157166E11
6.595993322203673E-4     4.545069155707416E11     0.9338289234616997       4.545069155707416E11
6.606010016694491E-4     4.538177466312863E11     0.9412501839456533       4.538177466312863E11
6.616026711185309E-4     4.5313066450164014E11    0.9478688395161909       4.5313066450164014E11
6.626043405676128E-4     4.52445659717813E11      0.9537765066672127       4.52445659717813E11
6.636060100166945E-4     4.51762722872956E11      0.9590537166603686       4.51762722872956E11
6.646076794657764E-4     4.5108184461693036E11    0.963771205981491        4.5108184461693036E11
6.656093489148581E-4     4.504030156558816E11     0.967991092061879        4.504030156558816E11
6.666110183639399E-4     4.497262267518157E11     0.9717679299069639       4.497262267518157E11
6.676126878130218E-4     4.4905146872218054E11    0.9751496522540247       4.4905146872218054E11
6.686143572621035E-4     4.4837873243945074E11    0.97817839996668         4.4837873243945074E11
6.696160267111854E-4     4.4770800883071545E11    0.9808912515208001       4.4770800883071545E11
6.706176961602671E-4     4.470392888772716E11     0.9833208613199818       4.470392888772716E11
6.716193656093489E-4     4.463725636142182E11     0.9854960166602604       4.463725636142182E11
6.726210350584308E-4     4.4570782413005707E11    0.9874421227630328       4.4570782413005707E11
6.736227045075126E-4     4.450450615662949E11     0.9891816246326164       4.450450615662949E11
6.746243739565944E-4     4.4438426711705023E11    0.99073437370265         4.4438426711705023E11
6.756260434056761E-4     4.437254320286632E11     0.9921179463968995       4.437254320286632E11
6.76627712854758E-4      4.430685475993091E11     0.9933479209294142       4.430685475993091E11
6.776293823038397E-4     4.424136051786154E11     0.9944381178870452       4.424136051786154E11
6.786310517529216E-4     4.417605961672817E11     0.9954008094455824       4.417605961672817E11
6.796327212020034E-4     4.411095120167035E11     0.9962469014296347       4.411095120167035E11
6.806343906510851E-4     4.404603442285995E11     0.9969860918691398       4.404603442285995E11
6.81636060100167E-4      4.398130843546412E11     0.9976270092100504       4.398130843546412E11
6.826377295492487E-4     4.3916772399608704E11    0.9981773328999106       4.3916772399608704E11
6.836393989983306E-4     4.3852425480341876E11    0.998643898700714        4.3852425480341876E11
6.846410684474124E-4     4.3788266847598145E11    0.99903279075089         4.3788266847598145E11
6.856427378964942E-4     4.3724295676162646E11    0.9993494221186396       4.3724295676162646E11
6.86644407345576E-4      4.366051114563578E11     0.9995986053511321       4.366051114563578E11
6.876460767946577E-4     4.3596912440398157E11    0.9997846143103971       4.3596912440398157E11
6.886477462437397E-4     4.3533498749575745E11    0.9999112384115507       4.3533498749575745E11
6.896494156928214E-4     4.347026926700557E11     0.9999818302267941       4.347026926700557E11
6.906510851419032E-4     4.3407223191201355E11    0.9999993472821517       4.3407223191201355E11
6.91652754590985E-4      4.334435972531981E11     0.9999663887661753       4.334435972531981E11
6.926544240400667E-4     4.328167807712702E11     0.9998852277675079       4.328167807712702E11
6.936560934891487E-4     4.32191774589651E11      0.9997578395783889       4.32191774589651E11
6.946577629382304E-4     4.31568570877193E11      0.9995859265259736       4.31568570877193E11
6.956594323873122E-4     4.309471618478522E11     0.9993709397329251       4.309471618478522E11
6.96661101836394E-4      4.3032753976036426E11    0.9991140981550959       4.3032753976036426E11
6.976627712854759E-4     4.297096969179229E11     0.9988164051964924       4.297096969179229E11
6.986644407345577E-4     4.290936256678613E11     0.9984786631612865       4.290936256678613E11
6.996661101836394E-4     4.284793184013362E11     0.9981014857708325       4.284793184013362E11
7.006677796327213E-4     4.2786676755301404E11    0.9976853089390912       4.2786676755301404E11
7.01669449081803E-4      4.2725596560076135E11    0.9972303999760884       4.2725596560076135E11
7.026711185308848E-4     4.266469050653362E11     0.9967368653655574       4.266469050653362E11
7.036727879799667E-4     4.26039578510083E11      0.9962046572420488       4.26039578510083E11
7.046744574290484E-4     4.254339785406302E11     0.9956335786756373       4.254339785406302E11
7.056761268781303E-4     4.248300978045895E11     0.9950232878567369       4.248300978045895E11
7.06677796327212E-4      4.2422792899125916E11    0.9943733012587214       4.2422792899125916E11
7.076794657762938E-4     4.236274648313281E11     0.9936829958455485       4.236274648313281E11
7.086811352253757E-4     4.2302869809658417E11    0.9929516103786435       4.2302869809658417E11
7.096828046744575E-4     4.224316215996236E11     0.9921782458691359       4.224316215996236E11
7.106844741235393E-4     4.2183622819356354E11    0.9913618652115896       4.2183622819356354E11
7.11686143572621E-4      4.2124251077175696E11    0.990501292027857        4.2124251077175696E11
7.12687813021703E-4      4.206504622675099E11     0.9895952087424219       4.206504622675099E11
7.136894824707847E-4     4.200600756538012E11     0.9886421539036203       4.200600756538012E11
7.146911519198665E-4     4.194713439430039E11     0.9876405187591152       4.194713439430039E11
7.156928213689483E-4     4.1888426018661066E11    0.9865885430888077       4.1888426018661066E11
7.1669449081803E-4       4.182988174749592E11     0.9854843102916909       4.182988174749592E11
7.17696160267112E-4      4.1771500893696204E11    0.9843257417201278       4.1771500893696204E11
7.186978297161937E-4     4.1713282773983734E11    0.9831105902482491       4.1713282773983734E11
7.196994991652755E-4     4.1655226708884247E11    0.9818364330589913       4.1655226708884247E11
7.207011686143573E-4     4.1597332022700946E11    0.9805006636282757       4.1597332022700946E11
7.217028380634391E-4     4.153959804348831E11     0.9791004828821359       4.153959804348831E11
7.22704507512521E-4      4.14820241030261E11      0.9776328894981112       4.14820241030261E11
7.237061769616027E-4     4.142460953679354E11     0.9760946693203789       4.142460953679354E11
7.247078464106846E-4     4.1367353683943787E11    0.9744823838544511       4.1367353683943787E11
7.257095158597663E-4     4.131025588727858E11     0.972792357802329        4.131025588727858E11
7.267111853088481E-4     4.1253315493223065E11    0.9710206656020655       4.1253315493223065E11
7.2771285475793E-4       4.119653185180087E11     0.9691631169286983       4.119653185180087E11
7.287145242070117E-4     4.1139904316609393E11    0.9672152411167917       4.1139904316609393E11
7.297161936560936E-4     4.108343224479524E11     0.9651722704612953       4.108343224479524E11
7.307178631051753E-4     4.1027114997029926E11    0.9630291223568528       4.1027114997029926E11
7.317195325542571E-4     4.0970951937485736E11    0.9607803802378427       4.0970951937485736E11
7.32721202003339E-4      4.09149424338118E11      0.9584202732817437       4.09149424338118E11
7.337228714524208E-4     4.0859085857110345E11    0.9559426548483555       4.0859085857110345E11
7.347245409015026E-4     4.0803381581913196E11    0.9533409796328123       4.0803381581913196E11
7.357262103505843E-4     4.074782898615838E11     0.9506082795185783       4.074782898615838E11
7.367278797996662E-4     4.0692427451167004E11    0.9477371381360018       4.0692427451167004E11
7.37729549248748E-4      4.063717636162027E11     0.9447196641419672       4.063717636162027E11
7.387312186978298E-4     4.058207510553672E11     0.941547463265108        4.058207510553672E11
7.397328881469116E-4     4.05271230742496E11      0.9382116091840069       4.05271230742496E11
7.407345575959933E-4     4.04723196623845E11      0.9347026133414462       4.04723196623845E11
7.417362270450752E-4     4.041766426783704E11     0.9310103938414218       4.041766426783704E11
7.42737896494157E-4      4.036315629175096E11     0.9271242436230809       4.036315629175096E11
7.437395659432388E-4     4.030879513849607E11     0.9230327981704135       4.030879513849607E11
7.447412353923206E-4     4.0254580215646716E11    0.9187240030914949       4.0254580215646716E11
7.457429048414024E-4     4.020051093396015E11     0.9141850819849452       4.020051093396015E11
7.467445742904842E-4     4.0146586707355237E11    0.909402505122813        4.0146586707355237E11
7.477462437395659E-4     4.009280695289127E11     0.9043619596008963       4.009280695289127E11
7.487479131886479E-4     4.003917109074693E11     0.8990483217516643       4.003917109074693E11
7.497495826377296E-4     3.9985678544199506E11    0.8934456327907881       3.9985678544199506E11
7.507512520868114E-4     3.993232873960418E11     0.887537078861391        3.993232873960418E11
7.517529215358932E-4     3.987912110637352E11     0.8813049768739428       3.987912110637352E11
7.527545909849749E-4     3.98260550769572E11      0.8747307677953791       3.98260550769572E11
7.537562604340569E-4     3.97731300868217E11      0.867795019343979        3.97731300868217E11
7.547579298831386E-4     3.972034557443043E11     0.8604774403761981       3.972034557443043E11
7.557595993322204E-4     3.966770098122377E11     0.852756909628218        3.966770098122377E11
7.567612687813022E-4     3.961519575159938E11     0.8446115218827279       3.961519575159938E11
7.577629382303839E-4     3.9562829332892706E11    0.8360186550813018       3.9562829332892706E11
7.587646076794659E-4     3.951060117535753E11     0.8269550623817681       3.951060117535753E11
7.597662771285476E-4     3.945851073214678E11     0.8173969936662637       3.945851073214678E11
7.607679465776294E-4     3.9406557459293396E11    0.8073203515270214       3.9406557459293396E11
7.617696160267112E-4     3.935474081569143E11     0.796700887283789        3.935474081569143E11
7.62771285475793E-4      3.930306026307726E11     0.7855144430979862       3.930306026307726E11
7.637729549248749E-4     3.925151526601092E11     0.7737372467251387       3.925151526601092E11
7.647746243739566E-4     3.920010529185767E11     0.7613462658681697       3.920010529185767E11
7.657762938230385E-4     3.914882981076956E11     0.7483196294337253       3.914882981076956E11
7.667779632721202E-4     3.909768829566732E11     0.7346371232230391       3.909768829566732E11
7.67779632721202E-4      3.904668022222222E11     0.7202807677090058       3.904668022222222E11
7.687813021702839E-4     3.899580506883822E11     0.7052354855312117       3.899580506883822E11
7.697829716193656E-4     3.8945062316634143E11    0.6894898662227344       3.8945062316634143E11
7.707846410684475E-4     3.8894451449426025E11    0.6730370355007765       3.8894451449426025E11
7.717863105175292E-4     3.884397195370971E11     0.6558756362964978       3.884397195370971E11
7.72787979966611E-4      3.8793623318643335E11    0.6380109287249514       3.8793623318643335E11
7.737896494156929E-4     3.8743405036030206E11    0.6194560166116961       3.8743405036030206E11
7.747913188647747E-4     3.8693316600301654E11    0.600233209267237        3.8693316600301654E11
7.757929883138565E-4     3.8643357508500104E11    0.5803755292792719       3.8643357508500104E11
7.767946577629382E-4     3.8593527260262195E11    0.5599283804797284       3.8593527260262195E11
7.777963272120202E-4     3.85438253578021E11      0.5389513951104067       3.85438253578021E11
7.787979966611019E-4     3.849425130589496E11     0.5175204853933687       3.849425130589496E11
7.797996661101837E-4     3.844480461186041E11     0.49573013111524417      3.844480461186041E11
7.808013355592655E-4     3.839548478554629E11     0.4736959387729985       3.839548478554629E11
7.818030050083472E-4     3.834629133931241E11     0.45155750350318236      3.834629133931241E11
7.828046744574292E-4     3.8297223788014496E11    0.429481581341224        3.8297223788014496E11
7.838063439065109E-4     3.824828164898829E11     0.40766551669019274      3.824828164898829E11
7.848080133555927E-4     3.819946444203361E11     0.38634073613222286      3.819946444203361E11
7.858096828046745E-4     3.815077168939877E11     0.36577586797569284      3.815077168939877E11
7.868113522537563E-4     3.8102202915764905E11    0.3462786212643522       3.8102202915764905E11
7.878130217028381E-4     3.8053757648230554E11    0.32819492204147854      3.8053757648230554E11
7.888146911519199E-4     3.8005435416296295E11    0.31190301794802344      3.8005435416296295E11
7.898163606010018E-4     3.79572357518495E11      0.2977996212855395       3.79572357518495E11
7.908180300500835E-4     3.790915818914925E11     0.28627535375737484      3.790915818914925E11
7.918196994991654E-4     3.786120226481129E11     0.27767879749595276      3.786120226481129E11
7.928213689482471E-4     3.781336751779321E11     0.27227298673217587      3.781336751779321E11
7.938230383973289E-4     3.77656534893796E11      0.27019406031243326      3.77656534893796E11
7.948247078464108E-4     3.7718059723167395E11    0.2714253429918821       3.7718059723167395E11
7.958263772954925E-4     3.767058576505139E11     0.27579718352767957      3.767058576505139E11
7.968280467445744E-4     3.7623231163209717E11    0.28301341293090165      3.7623231163209717E11
7.978297161936561E-4     3.757599546808955E11     0.29269501739684356      3.757599546808955E11
7.988313856427379E-4     3.75288782323929E11      0.30442714238662416      3.75288782323929E11
7.998330550918198E-4     3.748187901106241E11     0.3177982817403368       3.748187901106241E11
8.008347245409015E-4     3.7434997361267456E11    0.3324267065530099       3.7434997361267456E11
8.018363939899834E-4     3.738823284239017E11     0.347974520019086        3.738823284239017E11
8.028380634390651E-4     3.7341585016011646E11    0.3641523830873615       3.7341585016011646E11
8.038397328881471E-4     3.729505344589823E11     0.3807183785129488       3.729505344589823E11
8.048414023372288E-4     3.7248637697987964E11    0.3974737981730365       3.7248637697987964E11
8.058430717863105E-4     3.7202337340377045E11    0.4142577072496875       3.7202337340377045E11
8.068447412353924E-4     3.715615194330643E11     0.43094135870936623      3.715615194330643E11
8.078464106844741E-4     3.7110081079148584E11    0.4474229986227056       3.7110081079148584E11
8.088480801335561E-4     3.7064124322394214E11    0.46362328245871176      3.7064124322394214E11
8.098497495826378E-4     3.7018281249639246E11    0.47948134881589594      3.7018281249639246E11
8.108514190317195E-4     3.697255143957175E11     0.49495151302044765      3.697255143957175E11
8.118530884808014E-4     3.6926934472959076E11    0.5100005091734087       3.6926934472959076E11
8.128547579298831E-4     3.6881429932635034E11    0.5246052012735745       3.6881429932635034E11
8.138564273789651E-4     3.683603740348717E11     0.5387506881740748       3.683603740348717E11
8.148580968280468E-4     3.6790756472444165E11    0.5524287360350051       3.6790756472444165E11
8.158597662771285E-4     3.6745586728463275E11    0.5656364818996793       3.6745586728463275E11
8.168614357262104E-4     3.670052776251788E11     0.5783753614471644       3.670052776251788E11
8.178631051752921E-4     3.6655579167585223E11    0.5906502221894486       3.6655579167585223E11
8.188647746243741E-4     3.661074053863404E11     0.6024685902939362       3.661074053863404E11
8.198664440734558E-4     3.65660114726125E11      0.6138400648999727       3.65660114726125E11
8.208681135225377E-4     3.6521391568436035E11    0.6247758184277769       3.6521391568436035E11
8.218697829716194E-4     3.647688042697542E11     0.6352881851479083       3.647688042697542E11
8.228714524207011E-4     3.6432477651044836E11    0.6453903233329683       3.6432477651044836E11
8.238731218697831E-4     3.638818284539007E11     0.6550959388032045       3.638818284539007E11
8.248747913188648E-4     3.634399561667679E11     0.6644190597207524       3.634399561667679E11
8.258764607679467E-4     3.629991557347887E11     0.673373854155342        3.629991557347887E11
8.268781302170284E-4     3.6255942326266907E11    0.6819744833318236       3.6255942326266907E11
8.278797996661101E-4     3.6212075487396655E11    0.6902349846155451       3.6212075487396655E11
8.288814691151921E-4     3.616831467109768E11     0.6981691792457552       3.616831467109768E11
8.298831385642738E-4     3.612465949346208E11     0.7057906006291627       3.612465949346208E11
8.308848080133557E-4     3.6081109572433185E11    0.7131124396702616       3.6081109572433185E11
8.318864774624374E-4     3.60376645277945E11      0.720147504181023        3.60376645277945E11
8.328881469115194E-4     3.5994323981158545E11    0.7269081898869673       3.5994323981158545E11
8.338898163606011E-4     3.595108755595595E11     0.7334064609387831       3.595108755595595E11
8.348914858096828E-4     3.590795487742452E11     0.7396538381836436       3.590795487742452E11
8.358931552587647E-4     3.586492557259836E11     0.7456613937283779       3.586492557259836E11
8.368948247078464E-4     3.582199927029723E11     0.7514397505693912       3.582199927029723E11
8.378964941569284E-4     3.5779175601115753E11    0.7569990862653165       3.5779175601115753E11
8.388981636060101E-4     3.5736454197412933E11    0.7623491397981987       3.5736454197412933E11
8.398998330550918E-4     3.569383469330153E11     0.7674992209155516       3.569383469330153E11
8.409015025041737E-4     3.565131672463768E11     0.7724582213664428       3.565131672463768E11
8.419031719532554E-4     3.560889992901051E11     0.7772346275437071       3.560889992901051E11
8.429048414023373E-4     3.5566583945731824E11    0.7818365341338258       3.5566583945731824E11
8.439065108514191E-4     3.5524368415825916E11    0.7862716584503605       3.5524368415825916E11
8.44908180300501E-4      3.548225298201936E11     0.7905473551780043       3.548225298201936E11
8.459098497495827E-4     3.5440237288731E11       0.79467063131918         3.5440237288731E11
8.469115191986644E-4     3.53983209820619E11      0.7986481611630042       3.53983209820619E11
8.479131886477463E-4     3.535650370978539E11     0.80248630114458         3.535650370978539E11
8.489148580968281E-4     3.531478512133726E11     0.8061911044820256       3.531478512133726E11
8.4991652754591E-4       3.5273164867805927E11    0.8097683355117089       3.5273164867805927E11
8.509181969949917E-4     3.52316426019227E11      0.8132234836547908       3.52316426019227E11
8.519198664440734E-4     3.519021797805213E11     0.8165617769717719       3.519021797805213E11
8.529215358931553E-4     3.514889065218242E11     0.819788195270172        3.514889065218242E11
8.539232053422371E-4     3.510766028191593E11     0.8229074827470565       3.510766028191593E11
8.54924874791319E-4      3.5066526526459674E11    0.8259241601511003       3.5066526526459674E11
8.559265442404007E-4     3.5025489046615955E11    0.8288425364648866       3.5025489046615955E11
8.569282136894826E-4     3.498454750477303E11     0.8316667201031742       3.498454750477303E11
8.579298831385643E-4     3.4943701564895886E11    0.8344006296395347       3.4943701564895886E11
8.589315525876461E-4     3.490295089251701E11     0.837048004069802        3.490295089251701E11
8.59933222036728E-4      3.486229515472723E11     0.8396124126256291       3.486229515472723E11
8.609348914858097E-4     3.482173402016676E11     0.8420972641556802       3.482173402016676E11
8.619365609348916E-4     3.478126715901607E11     0.8445058160918878       3.478126715901607E11
8.629382303839733E-4     3.4740894242987036E11    0.8468411830221655       3.4740894242987036E11
8.639398998330551E-4     3.4700614945314014E11    0.8491063448866066       3.4700614945314014E11
8.64941569282137E-4      3.466042894074503E11     0.8513041548229336       3.466042894074503E11
8.659432387312187E-4     3.462033590553306E11     0.8534373466814911       3.462033590553306E11
8.669449081803006E-4     3.45803355174273E11      0.8555085422310448       3.45803355174273E11
8.679465776293823E-4     3.454042745566455E11     0.8575202580832614       3.454042745566455E11
8.689482470784643E-4     3.450061140096061E11     0.859474912352124        3.450061140096061E11
8.69949916527546E-4      3.446088703550182E11     0.8613748310792165       3.446088703550182E11
8.709515859766277E-4     3.4421254042936554E11    0.8632222544440848       3.4421254042936554E11
8.719532554257096E-4     3.438171210836684E11     0.8650193427854446       3.438171210836684E11
8.729549248747913E-4     3.4342260918340027E11    0.8667681824593809       3.4342260918340027E11
8.739565943238733E-4     3.430290016084049E11     0.8684707915581287       3.430290016084049E11
8.74958263772955E-4      3.4263629525281433E11    0.8701291255153928       3.4263629525281433E11
8.759599332220367E-4     3.422444870249666E11     0.8717450826261788       3.422444870249666E11
8.769616026711186E-4     3.4185357384732526E11    0.8733205095080001       3.4185357384732526E11
8.779632721202003E-4     3.4146355265639856E11    0.8748572065325757       3.4146355265639856E11
8.789649415692823E-4     3.4107442040265906E11    0.876356933257177        3.4107442040265906E11
8.79966611018364E-4      3.4068617405046484E11    0.8778214138892244       3.4068617405046484E11
8.809682804674459E-4     3.4029881057797986E11    0.8792523428164214       3.4029881057797986E11
8.819699499165276E-4     3.399123269770963E11     0.8806513902369209       3.399123269770963E11
8.829716193656093E-4     3.39526720253356E11      0.8820202079314756       3.39526720253356E11
8.839732888146913E-4     3.391419874258734E11     0.8833604352144523       3.391419874258734E11
8.84974958263773E-4      3.3875812552725903E11    0.8846737051100829       3.3875812552725903E11
8.859766277128549E-4     3.383751316035425E11     0.8859616508011345       3.383751316035425E11
8.869782971619366E-4     3.379930027140975E11     0.8872259124016899       3.379930027140975E11
8.879799666110183E-4     3.376117359315661E11     0.8884681441094591       3.376117359315661E11
8.889816360601003E-4     3.37231328341784E11      0.8896900218003174       3.37231328341784E11
8.89983305509182E-4      3.368517770437066E11     0.8908932511279132       3.368517770437066E11
8.909849749582639E-4     3.364730791493348E11     0.892079576204788        3.364730791493348E11
8.919866444073456E-4     3.3609523178364215E11    0.8932507889367133       3.3609523178364215E11
8.929883138564276E-4     3.357182320845017E11     0.8944087391004802       3.357182320845017E11
8.939899833055093E-4     3.353420772026144E11     0.8955553452506472       3.353420772026144E11
8.94991652754591E-4      3.3496676430143634E11    0.8966926065536478       3.3496676430143634E11
8.959933222036729E-4     3.345922905571082E11     0.8978226156501838       3.345922905571082E11
8.969949916527546E-4     3.3421865315838446E11    0.8989475726541493       3.3421865315838446E11
8.979966611018365E-4     3.338458493065625E11     0.900069800394404        3.338458493065625E11
8.989983305509183E-4     3.3347387621541315E11    0.9011917610127914       3.3347387621541315E11
9.0E-4                   3.331027311111111E11     0.9023160740229693       3.331027311111111E11
