% Model:              环形光栅_有结构_散射.mph
% Version:            COMSOL 5.3.1.180
% Date:               Sep 4 2018, 04:15
% Table:              Accumulated Probe Table 2 - 
% lambda (m)             freq                     emw.S11*conj(emw.S11) (1), Boundary Probe 1Electric field norm (V/m), Domain Probe 1
3.0E-4                   9.993081933333334E11     0.6831430362744821       44986.16946046806
3.010016694490818E-4     9.959827084969496E11     0.6902166635857333       38825.962316336256
3.0200333889816356E-4    9.926792832614706E11     0.7143360504176576       17897.484299633612
3.030050083472454E-4     9.893976988539946E11     0.7191470497870519       9222.33499888289
3.040066777963272E-4     9.861377393849534E11     0.728368554399791        8227.756150199128
3.0500834724540897E-4    9.828991918007665E11     0.751747390745584        4330.415159858746
3.060100166944908E-4     9.79681845837425E11      0.7143098526127528       28002.758814684243
3.070116861435726E-4     9.764854939749863E11     0.7276557487254395       44259.57784250108
3.080133555926544E-4     9.733099313929541E11     0.7596451376024476       56242.10376274157
3.090150250417362E-4     9.701549559265262E11     0.7901698339011651       50516.00757117878
3.10016694490818E-4      9.670203680236942E11     0.8036326121003412       37437.03049345507
3.110183639398998E-4     9.639059707031671E11     0.7983518687983299       32155.56120382793
3.120200333889816E-4     9.608115695131086E11     0.7923008181587818       24829.134284918255
3.1302170283806343E-4    9.577369724906666E11     0.7888627210422168       12795.636533963043
3.140233722871452E-4     9.546819901222755E11     0.7845871768154472       23517.322332012947
3.15025041736227E-4      9.516464353047166E11     0.783175949563393        53785.461008369464
3.1602671118530884E-4    9.486301233069203E11     0.7953906992266419       55281.21049950943
3.170283806343906E-4     9.456328717324908E11     0.8036224746507378       53736.09443982273
3.1803005008347243E-4    9.426545004829397E11     0.8055706623709596       54594.92811469676
3.1903171953255425E-4    9.396948317216117E11     0.7983253418085606       49951.446652790655
3.20033388981636E-4      9.367536898382891E11     0.7868034930007772       46990.05603742013
3.2103505843071784E-4    9.338309014144565E11     0.7727868700298596       39664.71691629644
3.2203672787979966E-4    9.309262951892172E11     0.7624636123340522       31124.526107768386
3.2303839732888143E-4    9.2803970202584E11       0.7491171835479726       30357.8936596179
3.2404006677796325E-4    9.251709548789285E11     0.7348633927863969       25427.943611439026
3.250417362270451E-4     9.223198887621982E11     0.7213613109196932       20389.63331173012
3.2604340567612684E-4    9.19486340716846E11      0.7099529197606949       18783.620421693508
3.2704507512520866E-4    9.166701497805004E11     0.7029057730801257       19533.136620672398
3.280467445742905E-4     9.138711569567429E11     0.7040865716378517       21706.1867086011
3.2904841402337225E-4    9.110892051851853E11     0.710300941870572        19952.72179553346
3.300500834724541E-4     9.083241393120891E11     0.7131093354564593       18544.230074682087
3.310517529215359E-4     9.05575806061523E11      0.7099565481555786       26726.83429941384
3.3205342237061766E-4    9.028440540070388E11     0.6992428639025987       31491.96050775781
3.330550918196995E-4     9.001287335438597E11     0.6941145619607977       20678.087182670177
3.340567612687813E-4     8.974296968615692E11     0.69335594382321         32185.023627250408
3.3505843071786307E-4    8.947467979172896E11     0.68263296093716         44462.0368054117
3.360601001669449E-4     8.920798924093394E11     0.6602835703086626       43291.052998904
3.370617696160267E-4     8.894288377513619E11     0.6297438896322854       44069.62440533918
3.380634390651085E-4     8.867934930469137E11     0.6044388829573197       33922.222130841
3.390651085141903E-4     8.841737190645002E11     0.5787103687058655       33444.096190006436
3.400667779632721E-4     8.815693782130585E11     0.5443703925636321       58699.58226773187
3.410684474123539E-4     8.78980334517866E11      0.5169067218722304       89717.71287415735
3.420701168614357E-4     8.764064535968766E11     0.4923985102599783       99673.78215913975
3.430717863105175E-4     8.738476026374697E11     0.4393095368135386       110863.3371161676
3.440734557595993E-4     8.713036503736051E11     0.360054683915529        125702.26025311634
3.450751252086811E-4     8.687744670633768E11     0.2609908854229233       141500.64148046705
3.4607679465776294E-4    8.66259924466956E11      0.1783455964771875       153546.81392987506
3.470784641068447E-4     8.637598958249159E11     0.1386579622177171       152795.70366744426
3.4808013355592653E-4    8.612742558369305E11     0.10937046664741831      150663.51654587028
3.490818030050083E-4     8.588028806408418E11     0.10290619217830169      158006.76981286507
3.500834724540901E-4     8.56345647792084E11      0.17244031672391635      160795.48488031054
3.5108514190317194E-4    8.539024362434618E11     0.2715690448056867       144083.06221796185
3.5208681135225376E-4    8.514731263252727E11     0.3543163647033686       128270.87186572806
3.5308848080133553E-4    8.490575997257683E11     0.4362359952289804       123635.48238022532
3.5409015025041735E-4    8.466557394719471E11     0.4018051384617946       133703.01740214336
3.550918196994991E-4     8.442674299106725E11     0.35019249900357996      258047.75645064464
3.5609348914858094E-4    8.418925566901079E11     0.4090462800701381       280230.6869348874
3.5709515859766276E-4    8.39531006741468E11      0.3618679918500562       271860.65660922724
3.580968280467446E-4     8.371826682610723E11     0.2723360881051599       260404.9496103367
3.5909849749582635E-4    8.34847430692701E11      0.22308323490753615      237312.51957855662
3.6010016694490817E-4    8.325251847102457E11     0.23364975210803585      219113.13976842634
3.6110183639398994E-4    8.302158222006473E11     0.3006857494012763       207375.69503370477
3.6210350584307176E-4    8.279192362471185E11     0.44433489443597424      179644.6838696394
3.631051752921536E-4     8.256353211126437E11     0.5710693537926269       144929.61842351066
3.641068447412354E-4     8.233639722237505E11     0.6451217019281084       116867.25425473363
3.6510851419031717E-4    8.211050861545496E11     0.6935124694084914       98394.99290483854
3.66110183639399E-4      8.188585606110352E11     0.7384419476849142       86037.8558808934
3.6711185308848076E-4    8.166242944156436E11     0.7665764190668513       79662.99016171927
3.681135225375626E-4     8.144021874920636E11     0.7351551819000236       79059.65991514054
3.691151919866444E-4     8.121921408502941E11     0.4868734878495124       75347.51134252362
3.701168614357262E-4     8.099940565719441E11     0.5210155291581469       54100.553259536726
3.71118530884808E-4      8.078078377957715E11     0.5923637625917783       83308.80908569835
3.721202003338898E-4     8.056333887034545E11     0.5929399148318252       98621.57326641493
3.731218697829716E-4     8.034706145055929E11     0.5575681787515622       118164.34388092857
3.741235392320534E-4     8.01319421427934E11      0.4854590644875179       141317.83660690027
3.751252086811352E-4     7.991797166978192E11     0.47696389427049735      124929.44291544516
3.7612687813021704E-4    7.970514085308477E11     0.5500383219783317       91636.92165944765
3.771285475792988E-4     7.949344061177512E11     0.6081672031150027       74818.57515572336
3.7813021702838063E-4    7.928286196114791E11     0.6546216789861816       73454.5870109898
3.791318864774624E-4     7.90733960114487E11      0.7154599097005584       64164.30933073692
3.801335559265442E-4     7.886503396662275E11     0.7587996333471368       49436.317036229026
3.8113522537562604E-4    7.865776712308367E11     0.7546985071003885       29460.433549144596
3.8213689482470786E-4    7.845158686850153E11     0.584143263012215        23610.60132745445
3.8313856427378963E-4    7.824648468061002E11     0.5954010847265088       85326.67980008088
3.8414023372287145E-4    7.804245212603215E11     0.7145765786713641       90078.65107235833
3.851419031719532E-4     7.78394808591244E11      0.7344256375125908       90819.43129946606
3.8614357262103504E-4    7.763756262083875E11     0.7259454309802809       88676.89642647262
3.8714524207011686E-4    7.743668923760242E11     0.7196067213068202       83622.7919234933
3.881469115191987E-4     7.723685262021504E11     0.7182951312388879       79401.4733327959
3.8914858096828045E-4    7.703804476276277E11     0.7078429135296861       78565.74895442919
3.9015025041736227E-4    7.6840257741549E11       0.6859108474193109       79344.34617661456
3.9115191986644404E-4    7.664348371404183E11     0.6623370199187539       77928.18133850489
3.9215358931552586E-4    7.644771491783738E11     0.6472588851169209       71760.81897150063
3.931552587646077E-4     7.625294366963906E11     0.642150192087991        64687.26424226543
3.941569282136895E-4     7.605916236425243E11     0.6440863388795294       59280.78015959646
3.9515859766277127E-4    7.586636347359528E11     0.6488885049656121       53425.50685257008
3.961602671118531E-4     7.567453954572272E11     0.6543078457508862       46453.39023942444
3.9716193656093486E-4    7.548368320386718E11     0.6611608898114921       41369.15748799469
3.981636060100167E-4     7.529378714549268E11     0.6687448364766777       36562.79351635432
3.991652754590985E-4     7.510484414136344E11     0.6764193830750751       31487.068895563945
4.001669449081803E-4     7.491684703462661E11     0.6808871124236011       23991.874378608423
4.011686143572621E-4     7.472978873990845E11     0.682455635581379        15833.076653999933
4.021702838063439E-4     7.454366224242424E11     0.6853765941657286       11531.821164836803
4.031719532554257E-4     7.435846059710145E11     0.6887750865629619       9891.597656432628
4.041736227045075E-4     7.417417692771582E11     0.6920964118484896       10340.351618867086
4.051752921535893E-4     7.399080442604038E11     0.6953374389656468       12701.70403810963
4.0617696160267114E-4    7.380833635100698E11     0.6987917642844904       16258.533877128279
4.071786310517529E-4     7.362676602788029E11     0.7028024212518693       19523.248957730128
4.0818030050083473E-4    7.344608684744376E11     0.7065500454435177       20026.59991802189
4.091819699499165E-4     7.326629226519789E11     0.7085307772027842       17577.141097732965
4.101836393989983E-4     7.30873758005698E11      0.7093279628728404       14305.983009845382
4.1118530884808014E-4    7.290933103613479E11     0.7100043053336639       11513.602940261859
4.1218697829716196E-4    7.273215161684891E11     0.7104156060422088       9800.13267664877
4.1318864774624373E-4    7.255583124929293E11     0.7102849999191271       9078.512382904715
4.1419031719532555E-4    7.238036370092705E11     0.7098358108602747       9124.323875811087
4.151919866444073E-4     7.220574279935665E11     0.7099920463761188       9963.144597534354
4.1619365609348914E-4    7.203196243160851E11     0.7102738387832996       10091.096349997744
4.1719532554257096E-4    7.185901654341736E11     0.7094101590456477       9503.450188707815
4.1819699499165273E-4    7.168689913852296E11     0.70742603151787         8697.975245844216
4.1919866444073455E-4    7.151560427797689E11     0.7046217193324487       7592.34505705008
4.2020033388981637E-4    7.134512607945967E11     0.7016233412245175       6866.359274912226
4.2120200333889814E-4    7.117545871660721E11     0.6983631926904887       7473.013375603238
4.2220367278797996E-4    7.100659641834717E11     0.6943896866720076       8796.680602184713
4.232053422370618E-4     7.083853346824458E11     0.6896348466125602       10869.150443664928
4.242070116861436E-4     7.067126420385675E11     0.6844042162456331       13839.434467536847
4.2520868113522537E-4    7.050478301609738E11     0.6790310214016293       16069.434154190187
4.2621035058430714E-4    7.033908434860948E11     0.6727162108948235       17085.09649538588
4.2721202003338896E-4    7.017416269714733E11     0.6649718682210942       18235.518677054395
4.282136894824708E-4     7.001001260896686E11     0.6560033989761714       19695.022392368814
4.292153589315526E-4     6.98466286822248E11      0.6463471291883913       20174.27976678327
4.302170283806344E-4     6.968400556538611E11     0.6362499697959298       18635.73471404356
4.312186978297162E-4     6.952213795663956E11     0.6247868712274088       16584.685901850724
4.3222036727879796E-4    6.936102060332175E11     0.6108973596649605       16223.841346658146
4.332220367278798E-4     6.920064830134875E11     0.5937173984343775       19032.34265747352
4.342237061769616E-4     6.904101589465591E11     0.5720902911532415       26268.81798969293
4.352253756260434E-4     6.888211827464518E11     0.54633157756168         37832.976268173064
4.3622704507512524E-4    6.872395037964025E11     0.5251712644178377       47749.380598622396
4.37228714524207E-4      6.856650719434899E11     0.5149865576738332       47283.262057747954
4.382303839732888E-4     6.840978374933334E11     0.5015557335071931       41497.612933743796
4.392320534223706E-4     6.825377512048651E11     0.47981652863447943      38632.8772358361
4.402337228714524E-4     6.809847642851726E11     0.4536268343278825       41635.338980132234
4.4123539232053424E-4    6.794388283844116E11     0.42782512473364304      47215.96054368655
4.4223706176961606E-4    6.77899895590789E11      0.4028752684026294       49707.838616008936
4.4323873121869783E-4    6.76367918425612E11      0.3747200510484543       48725.3852949575
4.442404006677796E-4     6.748428498384066E11     0.34147880367888045      47347.515084967075
4.452420701168614E-4     6.733246432020997E11     0.30248939962414656      46246.52460706219
4.4624373956594324E-4    6.718132523082678E11     0.2574725454580768       41530.34081911051
4.4724540901502506E-4    6.703086313624486E11     0.21120473515481034      31713.198301380286
4.482470784641069E-4     6.688107349795159E11     0.16576697509277713      17265.382726030923
4.4924874791318865E-4    6.673195181791156E11     0.11435716451748999      13625.78710549576
4.502504173622704E-4     6.658349363811643E11     0.05746722790706098      43363.84916682081
4.5125208681135224E-4    6.643569454014059E11     0.03197039558802897      72441.28029333756
4.5225375626043406E-4    6.628855014470284E11     0.06367648565973155      91565.10664176957
4.532554257095159E-4     6.614205611123389E11     0.12575634296027885      104505.15924066359
4.542570951585977E-4     6.599620813744946E11     0.1715401492593199       116943.48861361908
4.5525876460767947E-4    6.585100195892922E11     0.1593740859798748       128910.64201682246
4.5626043405676124E-4    6.570643334870107E11     0.09672019151900035      134631.28149985088
4.5726210350584306E-4    6.556249811683096E11     0.0479297516053971       131402.39673053392
4.582637729549249E-4     6.541919211001823E11     0.04943185393502417      122813.71831388853
4.592654424040067E-4     6.527651121119592E11     0.09049407035812417      112745.4080695314
4.6026711185308847E-4    6.513445133913674E11     0.14942145161594947      103075.34023091674
4.612687813021703E-4     6.49930084480637E11      0.20789092796629377      94851.21585780707
4.6227045075125206E-4    6.485217852726617E11     0.25138474787670156      89450.0869736441
4.632721202003339E-4     6.471195760072073E11     0.2702075329826117       87384.96800461492
4.642737896494157E-4     6.457234172671702E11     0.26208686651646346      85198.17273238748
4.652754590984975E-4     6.443332699748834E11     0.23366412158633287      81915.81404892237
4.662771285475793E-4     6.429490953884713E11     0.21683228578106187      80032.4187136261
4.672787979966611E-4     6.415708550982493E11     0.24950261358280276      79936.0170238865
4.682804674457429E-4     6.40198511023173E11      0.3211842406498299       80279.93220227303
4.692821368948247E-4     6.388320254073284E11     0.3917182278020969       80317.42787442576
4.702838063439065E-4     6.374713608164713E11     0.43571637730202434      79976.99216078955
4.7128547579298834E-4    6.361164801346085E11     0.4455729108386593       78524.0667832416
4.722871452420701E-4     6.347673465606221E11     0.43242215774441617      73128.24191195845
4.7328881469115193E-4    6.334239236049382E11     0.43177386521726846      60377.95215131789
4.742904841402337E-4     6.320861750862372E11     0.4402688311202985       37679.873925714826
4.752921535893155E-4     6.307540651282051E11     0.35102835415831773      18809.462331136645
4.7629382303839734E-4    6.294275581563267E11     0.4452780537030769       66427.43758302019
4.7729549248747916E-4    6.281066188947184E11     0.5516353682269426       67372.62238624197
4.782971619365609E-4     6.267912123630017E11     0.5971450307841828       65376.67065054598
4.7929883138564275E-4    6.254813038732148E11     0.6217307446284632       64284.74965898835
4.803005008347245E-4     6.24176859026764E11      0.636077923983657        63988.497863900746
4.8130217028380634E-4    6.228778437114116E11     0.6440624952707347       64433.35498512279
4.8230383973288816E-4    6.21584224098304E11      0.6472983506844531       65882.1300162359
4.8330550918197E-4       6.202959666390327E11     0.6456837419143588       68818.33334593372
4.8430717863105175E-4    6.19013038062737E11      0.6371866553950212       73714.1163723756
4.8530884808013357E-4    6.177354053732369E11     0.617475730963238        80928.25185797573
4.8631051752921534E-4    6.164630358462068E11     0.5791520705780174       90497.69099587265
4.8731218697829716E-4    6.151958970263789E11     0.5163960816598573       100168.15692302311
4.88313856427379E-4      6.139339567247863E11     0.45628796842466773      101285.31471110543
4.893155258764608E-4     6.126771830160354E11     0.44973035907320186      88468.90503860328
4.903171953255425E-4     6.114255442356146E11     0.49529801876234997      69439.78940890056
4.913188647746244E-4     6.10179008977234E11      0.5813742258905131       60701.624191738396
4.923205342237062E-4     6.089375460902001E11     0.6509420221938746       65245.1317834263
4.93322203672788E-4      6.07701124676819E11      0.6945829092433747       65110.557897017694
4.943238731218698E-4     6.064697140898345E11     0.7312839612556314       60287.46617279526
4.953255425709516E-4     6.052432839298955E11     0.7654260378735408       52603.09036994483
4.963272120200334E-4     6.040218040430541E11     0.7961104241913035       42948.71284904042
4.973288814691152E-4     6.028052445182948E11     0.8206797854098027       33219.794767819774
4.98330550918197E-4      6.015935756850922E11     0.8333043040997272       29887.384468747365
4.993322203672788E-4     6.003867681109996E11     0.8083007905549205       46972.87666511907
5.003338898163606E-4     5.99184792599266E11      0.6240751665817315       93995.68137299469
5.013355592654424E-4     5.979876201864801E11     0.43024588286263843      117366.11004926916
5.023372287145242E-4     5.96795222140246E11      0.5612792680785111       92006.29987327574
5.033388981636061E-4     5.956075699568821E11     0.6480291720354869       73179.29392023521
5.043405676126878E-4     5.944246353591526E11     0.6871670881955391       61975.48630984656
5.053422370617696E-4     5.932463902940205E11     0.7021274525464647       54836.47500489687
5.063439065108514E-4     5.920728069304319E11     0.701884552012599        50083.72504868166
5.073455759599333E-4     5.90903857657124E11      0.6892445937360825       46992.9719429127
5.083472454090151E-4     5.897395150804597E11     0.6645954590550295       45237.56484009448
5.093489148580968E-4     5.885797520222878E11     0.6280914546522652       44627.58869712912
5.103505843071786E-4     5.87424541517828E11      0.5824892558718582       44967.24930510888
5.113522537562604E-4     5.862738568135814E11     0.5369949184985408       45934.820272439734
5.123539232053423E-4     5.851276713652655E11     0.5078437253297005       47006.19924817717
5.133555926544241E-4     5.839859588357723E11     0.5082812127716937       47595.59171059615
5.143572621035058E-4     5.828486930931516E11     0.5353175382577012       47387.23311649174
5.153589315525877E-4     5.817158482086167E11     0.5733204718364657       46432.814783518035
5.163606010016694E-4     5.805873984545748E11     0.6083695977632977       44931.37985482
5.173622704507513E-4     5.794633183026783E11     0.6342148834242773       43055.827436806474
5.183639398998331E-4     5.783435824219001E11     0.6500034045248932       40946.71613981247
5.193656093489149E-4     5.772281656766312E11     0.6569708791915264       38755.58300468533
5.203672787979967E-4     5.761170431247994E11     0.6564579069250138       36653.378164343056
5.213689482470784E-4     5.750101900160103E11     0.6489861640608097       34798.807087197136
5.223706176961603E-4     5.739075817897092E11     0.6341185398369371       33298.36616696389
5.233722871452421E-4     5.728091940733652E11     0.6110207437279074       32187.205727952896
5.243739565943239E-4     5.717150026806749E11     0.5793942896163764       31437.690305134918
5.253756260434057E-4     5.706249836097871E11     0.5402723655818454       30985.922480819805
5.263772954924874E-4     5.695391130415479E11     0.49637871116840737      30760.312516971007
5.273789649415693E-4     5.684573673377651E11     0.4519338769695915       30692.040907528815
5.283806343906511E-4     5.673797230394945E11     0.41175103193397955      30700.946217987464
5.293823038397329E-4     5.663061568653422E11     0.37978900347434785      30694.1557928433
5.303839732888147E-4     5.652366457097891E11     0.3580428125002277       30623.444462136955
5.313856427378965E-4     5.641711666415331E11     0.3465105982317513       30563.76200290753
5.323873121869784E-4     5.631096969018501E11     0.34390710388233037      30681.741977444904
5.333889816360601E-4     5.620522139029734E11     0.3483442294787799       31012.945956820036
5.343906510851419E-4     5.609986952264918E11     0.35775972101749887      31294.632104392625
5.353923205342237E-4     5.599491186217649E11     0.3703329832012955       31268.267362131584
5.363939899833055E-4     5.589034620043573E11     0.3847413965415127       31138.62135620277
5.373956594323874E-4     5.578617034544889E11     0.3999535554322493       31458.1463719513
5.383973288814691E-4     5.568238212155039E11     0.4149641284939402       32225.34827527261
5.393989983305509E-4     5.557897936923553E11     0.4291756393095181       32013.189847232195
5.404006677796327E-4     5.547595994501082E11     0.44281199760750695      29785.578882031325
5.414023372287145E-4     5.537332172124575E11     0.4559730344251323       26654.561672763106
5.424040066777964E-4     5.527106258602646E11     0.4683474795117307       23875.869413999535
5.434056761268782E-4     5.516918044301074E11     0.4797050619150274       21857.566826351245
5.4440734557596E-4       5.506767321128488E11     0.4899799113966969       20536.472399649672
5.454090150250417E-4     5.496653882522192E11     0.49923822358471437      19446.222082205593
5.464106844741235E-4     5.4865775234341583E11    0.5076408736906891       17769.424817625604
5.474123539232054E-4     5.47653804031717E11      0.5152179993811017       15569.681404145158
5.484140233722872E-4     5.466535231111111E11     0.521936364092404        13624.392298075727
5.49415692821369E-4      5.4565688952294135E11    0.5278780852266126       12174.704586256661
5.504173622704507E-4     5.446638833545648E11     0.5331522247401573       11122.505464958893
5.514190317195326E-4     5.4367448483802594E11    0.5378378715713606       10335.21285619069
5.524207011686144E-4     5.426886743487458E11     0.5419809429999892       9707.001684564644
5.534223706176962E-4     5.417064324042232E11     0.5456037164830959       9164.043002044344
5.54424040066778E-4      5.4072773966275214E11    0.5487209172101589       8670.139670203045
5.554257095158597E-4     5.397525769221521E11     0.551358306080476        8227.945191543919
5.564273789649416E-4     5.387809251185118E11     0.5535601630906986       7862.892706213813
5.574290484140234E-4     5.3781276532494763E11    0.5553791803469772       7597.115409293487
5.584307178631052E-4     5.3684807875037366E11    0.5568616948140922       7434.769920635427
5.59432387312187E-4      5.3588684673828705E11    0.5580415568307593       7364.658123327119
5.604340567612688E-4     5.3492905076556445E11    0.5589418001183061       7368.881494631568
5.614357262103506E-4     5.3397467244127264E11    0.5595776035366521       7428.082090488013
5.624373956594324E-4     5.330236935054913E11     0.5599571826706048       7522.193346689583
5.634390651085143E-4     5.320760958281481E11     0.5600814807265979       7630.209320821471
5.64440734557596E-4      5.311318614078675E11     0.5599462964504739       7733.20124567318
5.654424040066778E-4     5.301909723708296E11     0.5595491109871686       7820.976878608676
5.664440734557596E-4     5.292534109696434E11     0.5588960054067662       7895.971775057494
5.674457429048413E-4     5.2831915958223016E11    0.5580014266041486       7968.610458986232
5.684474123539233E-4     5.273882007107195E11     0.5568817365677314       8048.024000795186
5.69449081803005E-4      5.264605169803577E11     0.5555492679139092       8135.701468860581
5.704507512520868E-4     5.255360911384255E11     0.5540099475742619       8224.350771959966
5.714524207011686E-4     5.2461490605316974E11    0.5522634084915073       8300.169456639956
5.724540901502505E-4     5.236969447127442E11     0.5503044770555895       8347.327497952952
5.734557595993323E-4     5.2278219022416296E11    0.5481266828728556       8356.133814084595
5.74457429048414E-4      5.218706258122639E11     0.5457295343716706       8337.649466421231
5.754590984974959E-4     5.2096223481868286E11    0.5431298856101475       8342.64152021562
5.764607679465776E-4     5.2005700070083984E11    0.5403725559050706       8467.719140697905
5.774624373956595E-4     5.191549070309338E11     0.5375271411788005       8814.294794220383
5.784641068447413E-4     5.1825593749494946E11    0.5346527274573201       9390.797557207465
5.79465776293823E-4      5.173600758916739E11     0.5317343391217354       10049.87046498554
5.804674457429049E-4     5.1646730613172266E11    0.5286597231011468       10580.279101898215
5.814691151919866E-4     5.155776122365777E11     0.5253020769124961       10881.573547285565
5.824707846410685E-4     5.146909783376325E11     0.5216262404709333       11027.832438298
5.834724540901503E-4     5.138073886752503E11     0.5177015835714237       11190.191525514761
5.844741235392321E-4     5.1292682759782916E11    0.5136425823615398       11523.816164256548
5.854757929883139E-4     5.1204927956087823E11    0.5095398363128754       12086.86854254468
5.864774624373956E-4     5.11174729126103E11      0.5054055812974544       12821.382699776117
5.874791318864776E-4     5.1030316096050006E11    0.5011562677324691       13607.193605991646
5.884808013355593E-4     5.09434559835461E11      0.4966538023081846       14348.193406878472
5.894824707846411E-4     5.08568910625885E11      0.49178238413967446      15027.288822323038
5.904841402337229E-4     5.0770619830930164E11    0.4865062933202512       15704.640236083762
5.914858096828046E-4     5.0684640796500146E11    0.48088054437464706      16475.12245366379
5.924874791318866E-4     5.059895247731755E11     0.4750210080394801       17410.885947649993
5.934891485809683E-4     5.0513553401406476E11    0.4690464600412665       18515.388731759158
5.944908180300501E-4     5.04284421067116E11      0.46300944530942306      19716.191013413
5.954924874791319E-4     5.0343617141014856E11    0.45684998784108427      20903.47177547756
5.964941569282137E-4     5.025907706185278E11     0.45040275413336817      21987.19443527067
5.974958263772956E-4     5.0174820436434753E11    0.4434517262594418       22940.043819392555
5.984974958263773E-4     5.0090845841562067E11    0.43580313378233027      23818.417238912632
5.994991652754592E-4     5.0007151863547754E11    0.4273620852329036       24768.167733751034
6.005008347245409E-4     4.9923737098137335E11    0.4182087576406856       26005.276234820303
6.015025041736227E-4     4.9840600150430194E11    0.4086405200515203       27743.420686716265
6.025041736227046E-4     4.975773963480188E11     0.39911247589670545      30072.322877221068
6.035058430717863E-4     4.967515417482711E11     0.39004483781404437      32866.15490919626
6.045075125208682E-4     4.9592842403203534E11    0.3815778737152782       35811.518105424846
6.055091819699499E-4     4.951080296167632E11     0.37343555585710386      38547.051447408165
6.065108514190317E-4     4.942903450096339E11     0.36499875685680827      40817.464373185496
6.075125208681136E-4     4.93475356806815E11      0.35553319001022343      42547.60577765888
6.085141903171954E-4     4.9266305169272974E11    0.3444293896833418       43817.06884361559
6.095158597662772E-4     4.9185341643933167E11    0.3313545463328302       44799.835447839454
6.105175292153589E-4     4.9104643790538696E11    0.31632733290553483      45744.61893808392
6.115191986644408E-4     4.9024210303576294E11    0.29981366923572045      46970.035999449756
6.125208681135226E-4     4.89440398860725E11      0.28284942872812036      48756.60747935066
6.135225375626044E-4     4.886413124952381E11     0.2669738985834027       51143.57178412481
6.145242070116862E-4     4.8784483113827765E11    0.25379428600538534      53850.787793316296
6.155258764607679E-4     4.870509420721454E11     0.24433527017490114      56437.88826274301
6.165275459098498E-4     4.8625963266179254E11    0.23851553341694118      58544.204743757306
6.175292153589316E-4     4.854708903541498E11     0.2350457620264788       60042.94619316566
6.185308848080134E-4     4.846847026774629E11     0.23189396132445456      61068.6549527999
6.195325542570952E-4     4.839010572406359E11     0.22715825597123893      61937.56654588509
6.205342237061769E-4     4.831199417325801E11     0.21989459427663358      63009.70398520555
6.215358931552588E-4     4.8234134392156854E11    0.21050642222588098      64565.541942068325
6.225375626043405E-4     4.815652516545991E11     0.20061416947147076      66754.28825125622
6.235392320534224E-4     4.807916528567604E11     0.19250413064797356      69607.08852310291
6.245409015025042E-4     4.8002053553060675E11    0.18830958470693115      73042.89508415709
6.25542570951586E-4      4.792518877555377E11     0.1893022953423094       76820.80315193883
6.265442404006678E-4     4.784856976871836E11     0.19578625240385925      80530.42273215977
6.275459098497495E-4     4.77721953556797E11      0.2074718719615822       83722.13856340492
6.285475792988315E-4     4.769606436706507E11     0.22373271343408865      86076.2513966441
6.295492487479132E-4     4.762017564094404E11     0.24365370199603537      87462.37871561486
6.30550918196995E-4      4.75445280227694E11      0.2661390564880782       87890.20263382314
6.315525876460768E-4     4.7469120365318524E11    0.29009324334188985      87424.07689802148
6.325542570951585E-4     4.739395152863553E11     0.3145024828981399       86107.31092300432
6.335559265442405E-4     4.7319020379973645E11    0.3383182596598693       83910.52716305172
6.345575959933222E-4     4.7244325793738495E11    0.3601528340328904       80709.6618003329
6.35559265442404E-4      4.7169866651431573E11    0.377817953672444        76319.37711373923
6.365609348914858E-4     4.709564184159455E11     0.3876989202484553       70704.22868684937
6.375626043405677E-4     4.7021650259753864E11    0.38399803626889595      64847.03572181867
6.385642737896495E-4     4.694789080836601E11     0.3585753369612477       63541.872427459006
6.395659432387312E-4     4.6874362396763245E11    0.30560691943286844      78197.9704011591
6.405676126878131E-4     4.680106394109981E11     0.24271319068068226      115130.6280943755
6.415692821368948E-4     4.6727994364298724E11    0.23354474435286104      160241.37321477346
6.425709515859767E-4     4.6655152595998956E11    0.31100358106061143      190982.1778814469
6.435726210350585E-4     4.658253757250324E11     0.4114295547301783       201903.44856799106
6.445742904841402E-4     4.651014823672624E11     0.48041759556818675      201042.9676873178
6.455759599332221E-4     4.6437983538143256E11    0.5089335347049734       195043.52350685027
6.465776293823038E-4     4.6366042432739484E11    0.5038349550349466       187027.9885707743
6.475792988313856E-4     4.629432388295952E11     0.47497109724573217      178764.63108468978
6.485809682804675E-4     4.622282685765766E11     0.43374253904168003      171984.81797616452
6.495826377295493E-4     4.6151550332048315E11    0.3914722267675262       168326.81129751453
6.505843071786311E-4     4.6080493287657166E11    0.35535031217181634      168356.1317748939
6.515859766277128E-4     4.600965471227261E11     0.32593216673754666      171080.34780880294
6.525876460767948E-4     4.593903359989767E11     0.29938780204896825      174782.74566632786
6.535893155258765E-4     4.586862895070243E11     0.2717640117958076       178103.88694196267
6.545909849749583E-4     4.579843977097679E11     0.24130080078925908      180377.98965561212
6.555926544240401E-4     4.5728465073083777E11    0.20840297917509185      181434.95227283592
6.565943238731218E-4     4.565870387541317E11     0.17473762264599865      181335.3455273255
6.575959933222038E-4     4.558915520233561E11     0.1424308522843616       180208.8753661301
6.585976627712855E-4     4.5519818084157166E11    0.11359311992942707      178183.4866237257
6.595993322203673E-4     4.545069155707416E11     0.09010570273566107      175363.94991504008
6.606010016694491E-4     4.538177466312863E11     0.07354310997233841      171838.45173887946
6.616026711185309E-4     4.5313066450164014E11    0.06510420341480241      167706.9956967353
6.626043405676128E-4     4.52445659717813E11      0.06546438223309212      163122.84161468138
6.636060100166945E-4     4.51762722872956E11      0.07457686001946211      158321.15718372862
6.646076794657764E-4     4.5108184461693036E11    0.09159437468768149      153598.6454245671
6.656093489148581E-4     4.504030156558816E11     0.11508337005551188      149233.7545055327
6.666110183639399E-4     4.497262267518157E11     0.14347563056561857      145392.16875919414
6.676126878130218E-4     4.4905146872218054E11    0.1754782153473944       142084.33875036286
6.686143572621035E-4     4.4837873243945074E11    0.21022048863466836      139196.3498114242
6.696160267111854E-4     4.4770800883071545E11    0.24715730295508986      136557.85697182978
6.706176961602671E-4     4.470392888772716E11     0.2858827932331979       134001.57950493848
6.716193656093489E-4     4.463725636142182E11     0.3259757443817975       131395.9130223079
6.726210350584308E-4     4.4570782413005707E11    0.36691648726313536      128655.53946257473
6.736227045075126E-4     4.450450615662949E11     0.40807063765805096      125740.5437444672
6.746243739565944E-4     4.4438426711705023E11    0.4487247052535947       122650.37754319128
6.756260434056761E-4     4.437254320286632E11     0.4881558780633024       119414.41586578611
6.76627712854758E-4      4.430685475993091E11     0.5257122481925356       116079.52584315358
6.776293823038397E-4     4.424136051786154E11     0.5608765960100289       112696.38470509967
6.786310517529216E-4     4.417605961672817E11     0.5932947571842422       109307.85641908273
6.796327212020034E-4     4.411095120167035E11     0.6227667796631013       105942.57723326363
6.806343906510851E-4     4.404603442285995E11     0.6492148520814822       102614.809019488
6.81636060100167E-4      4.398130843546412E11     0.6726471445965084       99329.03695285934
6.826377295492487E-4     4.3916772399608704E11    0.6931309975508709       96086.33537123287
6.836393989983306E-4     4.3852425480341876E11    0.7107789764131951       92889.72026031173
6.846410684474124E-4     4.3788266847598145E11    0.7257438554895168       89746.93275080879
6.856427378964942E-4     4.3724295676162646E11    0.7382161160771701       86670.4373453766
6.86644407345576E-4      4.366051114563578E11     0.7484189225284656       83675.32760228495
6.876460767946577E-4     4.3596912440398157E11    0.7565984566570052       80776.22527541468
6.886477462437397E-4     4.3533498749575745E11    0.7630101654015227       77984.25689054125
6.896494156928214E-4     4.347026926700557E11     0.7679030812633866       75304.90015810085
6.906510851419032E-4     4.3407223191201355E11    0.7715047947726659       72736.98199112272
6.91652754590985E-4      4.334435972531981E11     0.7740092378196962       70272.5601993571
6.926544240400667E-4     4.328167807712702E11     0.7755688465583814       67897.2033489798
6.936560934891487E-4     4.32191774589651E11      0.7762925219454017       65590.61176815222
6.946577629382304E-4     4.31568570877193E11      0.7762508245904596       63328.29648569111
6.956594323873122E-4     4.309471618478522E11     0.7754886519643156       61085.1477929345
6.96661101836394E-4      4.3032753976036426E11    0.7740424925649148       58840.53682049856
6.976627712854759E-4     4.297096969179229E11     0.7719562211033811       56583.018687669
6.986644407345577E-4     4.290936256678613E11     0.7692896127938519       54312.457279966235
6.996661101836394E-4     4.284793184013362E11     0.7661177456219798       52038.831640816046
7.006677796327213E-4     4.2786676755301404E11    0.7625239232115304       49778.71134775686
7.01669449081803E-4      4.2725596560076135E11    0.7585905382471768       47551.04780390642
7.026711185308848E-4     4.266469050653362E11     0.754391290099868        45373.46884066952
7.036727879799667E-4     4.26039578510083E11      0.7499861889663175       43259.42430432216
7.046744574290484E-4     4.254339785406302E11     0.7454193458708899       41215.90564664842
7.056761268781303E-4     4.248300978045895E11     0.7407191394358562       39241.24903472697
7.06677796327212E-4      4.2422792899125916E11    0.7359008228657817       37322.797220911634
7.076794657762938E-4     4.236274648313281E11     0.7309726033572544       35435.17705231804
7.086811352253757E-4     4.2302869809658417E11    0.7259467011210526       33541.9493827901
7.096828046744575E-4     4.224316215996236E11     0.7208543947630752       31605.53431982506
7.106844741235393E-4     4.2183622819356354E11    0.7157560776263482       29608.158213105147
7.11686143572621E-4      4.2124251077175696E11    0.7107301431573608       27574.38838093424
7.12687813021703E-4      4.206504622675099E11     0.7058373072219127       25572.476052808575
7.136894824707847E-4     4.200600756538012E11     0.7010879990922344       23684.367666464186
7.146911519198665E-4     4.194713439430039E11     0.6964429990590997       21968.440399680017
7.156928213689483E-4     4.1888426018661066E11    0.6918402298219852       20444.854712104465
7.1669449081803E-4       4.182988174749592E11     0.6872201650984644       19104.625611611493
7.17696160267112E-4      4.1771500893696204E11    0.6825375333319098       17925.247021337836
7.186978297161937E-4     4.1713282773983734E11    0.6777645985877244       16880.970431577556
7.196994991652755E-4     4.1655226708884247E11    0.6728954972674833       15945.571855907963
7.207011686143573E-4     4.1597332022700946E11    0.6679574045692332       15089.926029856371
7.217028380634391E-4     4.153959804348831E11     0.6630213333092377       14279.805491354033
7.22704507512521E-4      4.14820241030261E11      0.6581754933152725       13485.027898232243
7.237061769616027E-4     4.142460953679354E11     0.6534278711692502       12704.871373583017
7.247078464106846E-4     4.1367353683943787E11    0.6486405004928092       11977.606707827426
7.257095158597663E-4     4.131025588727858E11     0.6436304124402721       11345.325292360483
7.267111853088481E-4     4.1253315493223065E11    0.6382963891933787       10820.746037264462
7.2771285475793E-4       4.119653185180087E11     0.6326219438038586       10390.977505875224
7.287145242070117E-4     4.1139904316609393E11    0.6266267758254447       10032.626367809336
7.297161936560936E-4     4.108343224479524E11     0.6203407587769987       9719.083357179652
7.307178631051753E-4     4.1027114997029926E11    0.6138015153207046       9422.098793526751
7.317195325542571E-4     4.0970951937485736E11    0.6070589459558264       9113.055856983872
7.32721202003339E-4      4.09149424338118E11      0.6001751833397864       8766.399441023526
7.337228714524208E-4     4.0859085857110345E11    0.5932144987706734       8364.886176065027
7.347245409015026E-4     4.0803381581913196E11    0.5862249586643272       7904.251447344436
7.357262103505843E-4     4.074782898615838E11     0.5792212003149135       7394.346199904686
7.367278797996662E-4     4.0692427451167004E11    0.57217898809139         6855.571663143196
7.37729549248748E-4      4.063717636162027E11     0.5650443919455593       6312.307910142468
7.387312186978298E-4     4.058207510553672E11     0.5577509038379749       5786.469832470885
7.397328881469116E-4     4.05271230742496E11      0.5502353065453517       5293.44783137691
7.407345575959933E-4     4.04723196623845E11      0.5424473326874846       4840.910540424398
7.417362270450752E-4     4.041766426783704E11     0.5343531156598472       4429.810296206322
7.42737896494157E-4      4.036315629175096E11     0.5259345989329294       4056.7108430350595
7.437395659432388E-4     4.030879513849607E11     0.5171868818892175       3716.7592067543183
7.447412353923206E-4     4.0254580215646716E11    0.5081145854910015       3406.8494005882635
7.457429048414024E-4     4.020051093396015E11     0.49872769784551596      3128.665077372733
7.467445742904842E-4     4.0146586707355237E11    0.48903717093477894      2891.2866630640588
7.477462437395659E-4     4.009280695289127E11     0.47905054604280267      2712.686058093808
7.487479131886479E-4     4.003917109074693E11     0.46876776078303917      2618.5181665664027
7.497495826377296E-4     3.9985678544199506E11    0.45817671894805834      2636.2742739332034
7.507512520868114E-4     3.993232873960418E11     0.4472466450387616       2786.637000326179
7.517529215358932E-4     3.987912110637352E11     0.43591272968457745      3081.482763940488
7.527545909849749E-4     3.98260550769572E11      0.4240287135125249       3540.1468047231424
7.537562604340569E-4     3.97731300868217E11      0.4111768661452892       4244.973406994475
7.547579298831386E-4     3.972034557443043E11     0.39550849717371855      5603.1402005966
7.557595993322204E-4     3.966770098122377E11     0.37244866873671123      8861.182408637023
7.567612687813022E-4     3.961519575159938E11     0.3847030647866946       2251.4963914437117
7.577629382303839E-4     3.9562829332892706E11    0.37035906815601216      3291.0136385132555
7.587646076794659E-4     3.951060117535753E11     0.3567673252969825       4008.8878762384547
7.597662771285476E-4     3.945851073214678E11     0.3435587480786557       4492.919935700782
7.607679465776294E-4     3.9406557459293396E11    0.33057374653814753      4821.56462124088
7.617696160267112E-4     3.935474081569143E11     0.3177826363941601       5013.474035658085
7.62771285475793E-4      3.930306026307726E11     0.3051580740055003       5079.5250440191585
7.637729549248749E-4     3.925151526601092E11     0.2926084435442296       5053.935498748194
7.647746243739566E-4     3.920010529185767E11     0.2799763506915154       5009.841026310507
7.657762938230385E-4     3.914882981076956E11     0.2671182984406506       5038.912901009185
7.667779632721202E-4     3.909768829566732E11     0.2539999279027697       5199.029379621169
7.67779632721202E-4      3.904668022222222E11     0.240709947651452        5484.59542011444
7.687813021702839E-4     3.899580506883822E11     0.2273964633627003       5849.821366485391
7.697829716193656E-4     3.8945062316634143E11    0.2142018243301011       6246.524640427102
7.707846410684475E-4     3.8894451449426025E11    0.20123538092718576      6641.701660578369
7.717863105175292E-4     3.884397195370971E11     0.18857467165324807      7017.611824759329
7.72787979966611E-4      3.8793623318643335E11    0.17627624628344318      7366.611886318034
7.737896494156929E-4     3.8743405036030206E11    0.1643861178090151       7686.635536542101
7.747913188647747E-4     3.8693316600301654E11    0.1529471052841          7978.382561217071
7.757929883138565E-4     3.8643357508500104E11    0.1420031745071429       8243.791606193314
7.767946577629382E-4     3.8593527260262195E11    0.1316014647797687       8485.259060177868
7.777963272120202E-4     3.85438253578021E11      0.12179261028803941      8705.248022372427
7.787979966611019E-4     3.849425130589496E11     0.11262982346683906      8906.092327260936
7.797996661101837E-4     3.844480461186041E11     0.10416713000963716      9089.898235901128
7.808013355592655E-4     3.839548478554629E11     0.09645711224716591      9258.497600697963
7.818030050083472E-4     3.834629133931241E11     0.08954849159584609      9413.430744389389
7.828046744574292E-4     3.8297223788014496E11    0.08348383849362047      9555.948073772584
7.838063439065109E-4     3.824828164898829E11     0.07829763418146805      9687.023912368077
7.848080133555927E-4     3.819946444203361E11     0.07401482954399136      9807.377972869455
7.858096828046745E-4     3.815077168939877E11     0.07064996419028349      9917.50110220995
7.868113522537563E-4     3.8102202915764905E11    0.06820683631079683      10017.682974772364
7.878130217028381E-4     3.8053757648230554E11    0.06667865944784232      10108.04044243818
7.888146911519199E-4     3.8005435416296295E11    0.06604861014318844      10188.546065997187
7.898163606010018E-4     3.79572357518495E11      0.0662906596780806       10259.056896706723
7.908180300500835E-4     3.790915818914925E11     0.06737058944540406      10319.343711897385
7.918196994991654E-4     3.786120226481129E11     0.06924710663994649      10369.120734328324
7.928213689482471E-4     3.781336751779321E11     0.07187299848813188      10408.075458838473
7.938230383973289E-4     3.77656534893796E11      0.07519628383578755      10435.897774169236
7.948247078464108E-4     3.7718059723167395E11    0.07916133712621783      10452.30723067633
7.958263772954925E-4     3.767058576505139E11     0.08370997023013005      10457.077123080053
7.968280467445744E-4     3.7623231163209717E11    0.08878246256724841      10450.054191152767
7.978297161936561E-4     3.757599546808955E11     0.09431853095124941      10431.17298435891
7.988313856427379E-4     3.75288782323929E11      0.10025822950737064      10400.464415187653
7.998330550918198E-4     3.748187901106241E11     0.10654276862996333      10358.058483778465
8.008347245409015E-4     3.7434997361267456E11    0.11311524152003045      10304.181610024014
8.018363939899834E-4     3.738823284239017E11     0.11992124797722103      10239.149369602299
8.028380634390651E-4     3.7341585016011646E11    0.12690940781792664      10163.355645511614
8.038397328881471E-4     3.729505344589823E11     0.13403176013869342      10077.259293918447
8.048414023372288E-4     3.7248637697987964E11    0.1412440490230393       9981.369398554656
8.058430717863105E-4     3.7202337340377045E11    0.1485059005756178       9876.23007084153
8.068447412353924E-4     3.715615194330643E11     0.15578089985413332      9762.405582811665
8.078464106844741E-4     3.7110081079148584E11    0.1630365790344456       9640.46643618475
8.088480801335561E-4     3.7064124322394214E11    0.17024432985322033      9510.976787771004
8.098497495826378E-4     3.7018281249639246E11    0.17737925405648283      9374.483481352236
8.108514190317195E-4     3.697255143957175E11     0.1844199653651625       9231.506807964453
8.118530884808014E-4     3.6926934472959076E11    0.19134835555226934      9082.533013899032
8.128547579298831E-4     3.6881429932635034E11    0.19814933581929936      8928.008496206046
8.138564273789651E-4     3.683603740348717E11     0.20481056296311148      8768.33558205302
8.148580968280468E-4     3.6790756472444165E11    0.2113221580228881       8603.869754454343
8.158597662771285E-4     3.6745586728463275E11    0.21767642334067097      8434.918179899041
8.168614357262104E-4     3.670052776251788E11     0.22386756237960778      8261.73938479555
8.178631051752921E-4     3.6655579167585223E11    0.22989140533236394      8084.5439547840915
8.188647746243741E-4     3.661074053863404E11     0.23574514260260598      7903.4961669049735
8.198664440734558E-4     3.65660114726125E11      0.24142706772571626      7718.71654795259
8.208681135225377E-4     3.6521391568436035E11    0.2469363312570744       7530.285497137727
8.218697829716194E-4     3.647688042697542E11     0.25227270760010373      7338.248336181438
8.228714524207011E-4     3.6432477651044836E11    0.2574363776141783       7142.622494892768
8.238731218697831E-4     3.638818284539007E11     0.2624277309991365       6943.408008110806
8.248747913188648E-4     3.634399561667679E11     0.2672471936840187       6740.603176571666
8.258764607679467E-4     3.629991557347887E11     0.27189508648801597      6534.228041849004
8.268781302170284E-4     3.6255942326266907E11    0.2763715219105584       6324.359422834503
8.278797996661101E-4     3.6212075487396655E11    0.2806763458579774       6111.1826234396785
8.288814691151921E-4     3.616831467109768E11     0.2848091303826609       5895.066801671747
8.298831385642738E-4     3.612465949346208E11     0.28876922218635387      5676.673625496161
8.308848080133557E-4     3.6081109572433185E11    0.2925558499132514       5457.112720896979
8.318864774624374E-4     3.60376645277945E11      0.2961682912777731       5238.163028032469
8.328881469115194E-4     3.5994323981158545E11    0.29960609885506545      5022.58676726068
8.338898163606011E-4     3.595108755595595E11     0.3028693807240879       4814.57139091203
8.348914858096828E-4     3.590795487742452E11     0.3059591287899364       4620.340450946664
8.358931552587647E-4     3.586492557259836E11     0.308877583254691        4448.964870282721
8.368948247078464E-4     3.582199927029723E11     0.31162861634573985      4313.356075486705
8.378964941569284E-4     3.5779175601115753E11    0.31421811243637454      4231.291888370087
8.388981636060101E-4     3.5736454197412933E11    0.3166543158994716       4226.094268302463
8.398998330550918E-4     3.569383469330153E11     0.31894811335121276      4326.361156158736
8.409015025041737E-4     3.565131672463768E11     0.3211132139396293       4564.363434403366
8.419031719532554E-4     3.560889992901051E11     0.3231661893150999       4973.827238619898
8.429048414023373E-4     3.5566583945731824E11    0.3251263304694069       5589.314776898844
8.439065108514191E-4     3.5524368415825916E11    0.3270152625007854       6449.503728618495
8.44908180300501E-4      3.548225298201936E11     0.3288562077701364       7605.027257200253
8.459098497495827E-4     3.5440237288731E11       0.3306726442844558       9130.823496356863
8.469115191986644E-4     3.53983209820619E11      0.3324857053289752       11145.190265993977
8.479131886477463E-4     3.535650370978539E11     0.33430849779845384      13843.189355722245
8.489148580968281E-4     3.531478512133726E11     0.33613179010793387      17563.788457163206
8.4991652754591E-4       3.5273164867805927E11    0.33788196673010507      22942.48942863901
8.509181969949917E-4     3.52316426019227E11      0.3392730590718366       31309.700626211696
8.519198664440734E-4     3.519021797805213E11     0.33914282866460244      45936.48594106241
8.529215358931553E-4     3.514889065218242E11     0.33120126607243394      76924.16531462858
8.539232053422371E-4     3.510766028191593E11     0.2696161339131879       154933.1785994806
8.54924874791319E-4      3.5066526526459674E11    0.26296576469593036      139425.0957934552
8.559265442404007E-4     3.5025489046615955E11    0.31844369517672555      74489.89359851771
8.569282136894826E-4     3.498454750477303E11     0.33587245445711744      47655.578705952925
8.579298831385643E-4     3.4943701564895886E11    0.3443926510167233       33132.26366770217
8.589315525876461E-4     3.490295089251701E11     0.3499792163252189       22931.566123761546
8.59933222036728E-4      3.486229515472723E11     0.3538598067754327       14221.722527147662
8.609348914858097E-4     3.482173402016676E11     0.3553914513814855       8733.768258072108
8.619365609348916E-4     3.478126715901607E11     0.35182218303261636      17639.520127840857
8.629382303839733E-4     3.4740894242987036E11    0.341079111282598        33291.67983987339
8.639398998330551E-4     3.4700614945314014E11    0.33237214531832293      43052.934344824316
8.64941569282137E-4      3.466042894074503E11     0.3318594054100884       44173.418820385654
8.659432387312187E-4     3.462033590553306E11     0.3333274337009188       41837.08553947414
8.669449081803006E-4     3.45803355174273E11      0.33298041305142567      38914.9266228734
8.679465776293823E-4     3.454042745566455E11     0.3299542449282451       36074.982961978814
8.689482470784643E-4     3.450061140096061E11     0.32426778339185675      33321.707068345444
8.69949916527546E-4      3.446088703550182E11     0.31635777556977335      30526.48854424601
8.709515859766277E-4     3.4421254042936554E11    0.3070923642232137       27574.696895198387
8.719532554257096E-4     3.438171210836684E11     0.2977328015019293       24412.729871838983
8.729549248747913E-4     3.4342260918340027E11    0.2896859948475194       21061.309742880778
8.739565943238733E-4     3.430290016084049E11     0.2841191129627806       17607.969209288047
8.74958263772955E-4      3.4263629525281433E11    0.28165220932218676      14193.755741243373
8.759599332220367E-4     3.422444870249666E11     0.28229303095839076      11027.894999813234
8.769616026711186E-4     3.4185357384732526E11    0.2855912208212738       8485.608458096453
8.779632721202003E-4     3.4146355265639856E11    0.2908691243705334       7266.22863853196
8.789649415692823E-4     3.4107442040265906E11    0.29741107514296145      7976.906027406339
8.79966611018364E-4      3.4068617405046484E11    0.30457700830865164      10186.837447317634
8.809682804674459E-4     3.4029881057797986E11    0.3118593687716253       13102.963329179962
8.819699499165276E-4     3.399123269770963E11     0.3189078589887573       16269.24845650363
8.829716193656093E-4     3.39526720253356E11      0.3255311661162873       19467.548564322868
8.839732888146913E-4     3.391419874258734E11     0.3316755504961882       22590.137219782144
8.84974958263773E-4      3.3875812552725903E11    0.3373847984346645       25589.87542827203
8.859766277128549E-4     3.383751316035425E11     0.34275441442605686      28459.034469026283
8.869782971619366E-4     3.379930027140975E11     0.34789369978475243      31215.58169734711
8.879799666110183E-4     3.376117359315661E11     0.35290237297331223      33892.26586951493
8.889816360601003E-4     3.37231328341784E11      0.35786066367128594      36528.371461309915
8.89983305509182E-4      3.368517770437066E11     0.36282806678605933      39164.2516865817
8.909849749582639E-4     3.364730791493348E11     0.36784596860870133      41838.18844857858
8.919866444073456E-4     3.3609523178364215E11    0.3729409639412001       44584.83090065722
8.929883138564276E-4     3.357182320845017E11     0.3781272565215034       47434.48843453896
8.939899833055093E-4     3.353420772026144E11     0.38340752884715557      50412.717451345765
8.94991652754591E-4      3.3496676430143634E11    0.3887721373719735       53539.809656251964
8.959933222036729E-4     3.345922905571082E11     0.39419665408703836      56829.91252923165
8.969949916527546E-4     3.3421865315838446E11    0.399637831165003        60289.590629346785
8.979966611018365E-4     3.338458493065625E11     0.40502815524855085      63915.69417478782
8.989983305509183E-4     3.3347387621541315E11    0.4102693974970254       67692.47380028864
9.0E-4                   3.331027311111111E11     0.4152260597902815       71588.01172044552
