% Model:              grating.mph
% Version:            COMSOL 5.3.1.180
% Date:               Sep 4 2018, 04:03
% Table:              Accumulated Probe Table 3 - 
% lambda (m)             freq                     sqrt(emw.S11*conj(emw.S11)) (1), S11Frequency, frequency     Electric field norm (V/m), normE
3.0E-4                   9.993081933333334E11     0.8559509552274541       9.993081933333334E11     1584.9484147185271
3.010016694490818E-4     9.959827084969496E11     0.8786818433094374       9.959827084969496E11     1657.1647822362315
3.0200333889816356E-4    9.926792832614706E11     0.9163344654828459       9.926792832614706E11     2358.1139519462663
3.030050083472454E-4     9.893976988539946E11     0.964375926069068        9.893976988539946E11     10929.518997910745
3.040066777963272E-4     9.861377393849534E11     0.7810498465603215       9.861377393849534E11     3735.7052127206193
3.0500834724540897E-4    9.828991918007665E11     0.8320084912066702       9.828991918007665E11     2216.8579305965195
3.060100166944908E-4     9.79681845837425E11      0.8519899124769191       9.79681845837425E11      1858.2143029511224
3.070116861435726E-4     9.764854939749863E11     0.8651414051295606       9.764854939749863E11     1889.5325428450108
3.080133555926544E-4     9.733099313929541E11     0.8791225346306837       9.733099313929541E11     2301.7006543089337
3.090150250417362E-4     9.701549559265262E11     0.9145008284460414       9.701549559265262E11     3860.764114953503
3.10016694490818E-4      9.670203680236942E11     0.956885964626755        9.670203680236942E11     6565.38774482959
3.110183639398998E-4     9.639059707031671E11     0.8645644486293367       9.639059707031671E11     2278.2804565659253
3.120200333889816E-4     9.608115695131086E11     0.8589790884990687       9.608115695131086E11     1351.188725360685
3.1302170283806343E-4    9.577369724906666E11     0.8549935220755465       9.577369724906666E11     1130.514197461599
3.140233722871452E-4     9.546819901222755E11     0.8471297063870146       9.546819901222755E11     1088.8017446992242
3.15025041736227E-4      9.516464353047166E11     0.8308443697448539       9.516464353047166E11     1419.6771214018186
3.1602671118530884E-4    9.486301233069203E11     0.793476112950381        9.486301233069203E11     2434.4167111181923
3.170283806343906E-4     9.456328717324908E11     0.8057331958647507       9.456328717324908E11     5961.037648683488
3.1803005008347243E-4    9.426545004829397E11     0.9931765855623258       9.426545004829397E11     4116.815051262338
3.1903171953255425E-4    9.396948317216117E11     0.951839444361626        9.396948317216117E11     2483.9907481658706
3.20033388981636E-4      9.367536898382891E11     0.9301160972997602       9.367536898382891E11     1922.2130996712513
3.2103505843071784E-4    9.338309014144565E11     0.9173113532873889       9.338309014144565E11     1666.3901463108068
3.2203672787979966E-4    9.309262951892172E11     0.9081913607936506       9.309262951892172E11     1534.9944108123868
3.2303839732888143E-4    9.2803970202584E11       0.9007121302544946       9.2803970202584E11       1462.619891695118
3.2404006677796325E-4    9.251709548789285E11     0.8939289388799929       9.251709548789285E11     1420.1354955239856
3.250417362270451E-4     9.223198887621982E11     0.8873324869006682       9.223198887621982E11     1401.1593669057806
3.2604340567612684E-4    9.19486340716846E11      0.8806069815232102       9.19486340716846E11      1399.9552633685128
3.2704507512520866E-4    9.166701497805004E11     0.8735284014268591       9.166701497805004E11     1407.917547660025
3.280467445742905E-4     9.138711569567429E11     0.8659160312570345       9.138711569567429E11     1422.9310604029104
3.2904841402337225E-4    9.110892051851853E11     0.8576064224512587       9.110892051851853E11     1444.1064062048972
3.300500834724541E-4     9.083241393120891E11     0.8484373601138282       9.083241393120891E11     1470.9044321016966
3.310517529215359E-4     9.05575806061523E11      0.8382361362867258       9.05575806061523E11      1505.7822496368856
3.3205342237061766E-4    9.028440540070388E11     0.8268089311969229       9.028440540070388E11     1545.5586191681746
3.330550918196995E-4     9.001287335438597E11     0.8139286395425284       9.001287335438597E11     1589.37208000912
3.340567612687813E-4     8.974296968615692E11     0.7993172731284046       8.974296968615692E11     1636.8743773105105
3.3505843071786307E-4    8.947467979172896E11     0.7826142693974472       8.947467979172896E11     1687.4737113686087
3.360601001669449E-4     8.920798924093394E11     0.7633053742158562       8.920798924093394E11     1739.643254245343
3.370617696160267E-4     8.894288377513619E11     0.7405184016458066       8.894288377513619E11     1800.7375231474934
3.380634390651085E-4     8.867934930469137E11     0.7122063394645491       8.867934930469137E11     1867.4288915384323
3.390651085141903E-4     8.841737190645002E11     0.6691777909171966       8.841737190645002E11     2017.4583751260366
3.400667779632721E-4     8.815693782130585E11     0.9999167303593504       8.815693782130585E11     11862.134663526775
3.410684474123539E-4     8.78980334517866E11      0.6679700494352981       8.78980334517866E11      2823.4041150251946
3.420701168614357E-4     8.764064535968766E11     0.6150812444760388       8.764064535968766E11     2658.337909298019
3.430717863105175E-4     8.738476026374697E11     0.5662210198213948       8.738476026374697E11     2675.3590518378005
3.440734557595993E-4     8.713036503736051E11     0.5139642934167398       8.713036503736051E11     2741.1083862745213
3.450751252086811E-4     8.687744670633768E11     0.45641925919011794      8.687744670633768E11     2826.2235941356157
3.4607679465776294E-4    8.66259924466956E11      0.3928149114470606       8.66259924466956E11      2918.7437772769317
3.470784641068447E-4     8.637598958249159E11     0.3229209186813562       8.637598958249159E11     3011.2936131223364
3.4808013355592653E-4    8.612742558369305E11     0.24697176436507326      8.612742558369305E11     3097.948208306396
3.490818030050083E-4     8.588028806408418E11     0.16568226529934857      8.588028806408418E11     3173.3788802909025
3.500834724540901E-4     8.56345647792084E11      0.08024161411614014      8.56345647792084E11      3232.6775883324767
3.5108514190317194E-4    8.539024362434618E11     0.007829324759815856     8.539024362434618E11     3270.9036052612705
3.5208681135225376E-4    8.514731263252727E11     0.09689961213129979      8.514731263252727E11     3280.5424713641146
3.5308848080133553E-4    8.490575997257683E11     0.1784602161389419       8.490575997257683E11     3407.037025921555
3.5409015025041735E-4    8.466557394719471E11     0.2657519105825505       8.466557394719471E11     3305.685167524557
3.550918196994991E-4     8.442674299106725E11     0.3452182548630001       8.442674299106725E11     3260.9309021966264
3.5609348914858094E-4    8.418925566901079E11     0.4187332117554393       8.418925566901079E11     3207.253259588689
3.5709515859766276E-4    8.39531006741468E11      0.4858769554433612       8.39531006741468E11      3144.8172508119173
3.580968280467446E-4     8.371826682610723E11     0.5465286075776306       8.371826682610723E11     3076.5331090003588
3.5909849749582635E-4    8.34847430692701E11      0.6008713960432642       8.34847430692701E11      3005.5231900472363
3.6010016694490817E-4    8.325251847102457E11     0.6493083320436458       8.325251847102457E11     2934.589028177656
3.6110183639398994E-4    8.302158222006473E11     0.6923754389727655       8.302158222006473E11     2866.641691407168
3.6210350584307176E-4    8.279192362471185E11     0.7306713109027144       8.279192362471185E11     2803.87313244274
3.631051752921536E-4     8.256353211126437E11     0.76480692986282         8.256353211126437E11     2747.6653268937853
3.641068447412354E-4     8.233639722237505E11     0.7953737597493316       8.233639722237505E11     2702.918742965136
3.6510851419031717E-4    8.211050861545496E11     0.8229259481345519       8.211050861545496E11     2667.0981253637997
3.66110183639399E-4      8.188585606110352E11     0.8479721032493124       8.188585606110352E11     2641.475267382834
3.6711185308848076E-4    8.166242944156436E11     0.8709723826782455       8.166242944156436E11     2636.612434143233
3.681135225375626E-4     8.144021874920636E11     0.8923366828125677       8.144021874920636E11     2647.259383095013
3.691151919866444E-4     8.121921408502941E11     0.9124187265826758       8.121921408502941E11     2675.5317916876616
3.701168614357262E-4     8.099940565719441E11     0.9314974641837156       8.099940565719441E11     2731.749234185779
3.71118530884808E-4      8.078078377957715E11     0.9497284297073748       8.078078377957715E11     2825.358668553805
3.721202003338898E-4     8.056333887034545E11     0.9670262012752813       8.056333887034545E11     2958.6072061799628
3.731218697829716E-4     8.034706145055929E11     0.9827866887457094       8.034706145055929E11     3147.3413772335603
3.741235392320534E-4     8.01319421427934E11      0.9952317335589661       8.01319421427934E11      3410.0479050603494
3.751252086811352E-4     7.991797166978192E11     0.9998814900314129       7.991797166978192E11     3763.9173393575325
3.7612687813021704E-4    7.970514085308477E11     0.9862890226881161       7.970514085308477E11     4215.636322938922
3.771285475792988E-4     7.949344061177512E11     0.9333614876193326       7.949344061177512E11     4713.612559218357
3.7813021702838063E-4    7.928286196114791E11     0.8145908083756332       7.928286196114791E11     5066.106779517734
3.791318864774624E-4     7.90733960114487E11      0.6442397971559787       7.90733960114487E11      4988.285365161921
3.801335559265442E-4     7.886503396662275E11     0.519587303950199        7.886503396662275E11     4443.893561069153
3.8113522537562604E-4    7.865776712308367E11     0.5059291460497243       7.865776712308367E11     3739.3605694690377
3.8213689482470786E-4    7.845158686850153E11     0.5528160518584847       7.845158686850153E11     3120.2352799546993
3.8313856427378963E-4    7.824648468061002E11     0.607754556248103        7.824648468061002E11     2637.579679081559
3.8414023372287145E-4    7.804245212603215E11     0.6547082727926338       7.804245212603215E11     2268.0868119264437
3.851419031719532E-4     7.78394808591244E11      0.6921479093651939       7.78394808591244E11      1985.8105134337209
3.8614357262103504E-4    7.763756262083875E11     0.7217271483311901       7.763756262083875E11     1767.8102036117248
3.8714524207011686E-4    7.743668923760242E11     0.7452947528207562       7.743668923760242E11     1597.7845800306131
3.881469115191987E-4     7.723685262021504E11     0.764321627940956        7.723685262021504E11     1465.9995057134702
3.8914858096828045E-4    7.703804476276277E11     0.7798908944816204       7.703804476276277E11     1358.6453338927624
3.9015025041736227E-4    7.6840257741549E11       0.7927873201017265       7.6840257741549E11       1270.0522740271115
3.9115191986644404E-4    7.664348371404183E11     0.8035819710345388       7.664348371404183E11     1196.0916244918542
3.9215358931552586E-4    7.644771491783738E11     0.812695352406616        7.644771491783738E11     1133.71065156709
3.931552587646077E-4     7.625294366963906E11     0.8204415549757805       7.625294366963906E11     1080.617078605706
3.941569282136895E-4     7.605916236425243E11     0.827058617823952        7.605916236425243E11     1035.0638062355831
3.9515859766277127E-4    7.586636347359528E11     0.8327294455113402       7.586636347359528E11     995.7002878064318
3.961602671118531E-4     7.567453954572272E11     0.8375963515167261       7.567453954572272E11     961.4684590410741
3.9716193656093486E-4    7.548368320386718E11     0.8417712951307932       7.548368320386718E11     933.1448733534127
3.981636060100167E-4     7.529378714549268E11     0.8453431828702541       7.529378714549268E11     909.1092075878288
3.991652754590985E-4     7.510484414136344E11     0.8483831442232509       7.510484414136344E11     891.0815827312585
4.001669449081803E-4     7.491684703462661E11     0.8509483898025048       7.491684703462661E11     882.4184768092632
4.011686143572621E-4     7.472978873990845E11     0.853085062386877        7.472978873990845E11     889.110307188716
4.021702838063439E-4     7.454366224242424E11     0.8548303608773065       7.454366224242424E11     904.3693321393145
4.031719532554257E-4     7.435846059710145E11     0.8562141299836286       7.435846059710145E11     919.7855859721317
4.041736227045075E-4     7.417417692771582E11     0.8572600492008271       7.417417692771582E11     935.4818449378929
4.051752921535893E-4     7.399080442604038E11     0.8579865134840363       7.399080442604038E11     951.577595666706
4.0617696160267114E-4    7.380833635100698E11     0.8584072685494482       7.380833635100698E11     968.1917955765898
4.071786310517529E-4     7.362676602788029E11     0.8585318415443347       7.362676602788029E11     985.4458802424849
4.0818030050083473E-4    7.344608684744376E11     0.8583657897768184       7.344608684744376E11     1003.4671636752693
4.091819699499165E-4     7.326629226519789E11     0.8579107736635986       7.326629226519789E11     1022.3928574028351
4.101836393989983E-4     7.30873758005698E11      0.8571644424361478       7.30873758005698E11      1042.3750439195092
4.1118530884808014E-4    7.290933103613479E11     0.8561200991819609       7.290933103613479E11     1063.587106908661
4.1218697829716196E-4    7.273215161684891E11     0.854766080577234        7.273215161684891E11     1086.232388763977
4.1318864774624373E-4    7.255583124929293E11     0.8530847378333201       7.255583124929293E11     1110.5562931758648
4.1419031719532555E-4    7.238036370092705E11     0.8510508235304045       7.238036370092705E11     1136.8638222791153
4.151919866444073E-4     7.220574279935665E11     0.8486289440532259       7.220574279935665E11     1165.5459185367274
4.1619365609348914E-4    7.203196243160851E11     0.8457694672085743       7.203196243160851E11     1197.1205551916541
4.1719532554257096E-4    7.185901654341736E11     0.8424017438170998       7.185901654341736E11     1232.2995504928588
4.1819699499165273E-4    7.168689913852296E11     0.8384223953264819       7.168689913852296E11     1272.10248362046
4.1919866444073455E-4    7.151560427797689E11     0.8336739454803166       7.151560427797689E11     1318.062085247581
4.2020033388981637E-4    7.134512607945967E11     0.8279030579046418       7.134512607945967E11     1372.6206077225552
4.2120200333889814E-4    7.117545871660721E11     0.8206713929976498       7.117545871660721E11     1439.962933469018
4.2220367278797996E-4    7.100659641834717E11     0.8111418450250387       7.100659641834717E11     1527.9740557185885
4.232053422370618E-4     7.083853346824458E11     0.7974761714276936       7.083853346824458E11     1663.5575319359211
4.242070116861436E-4     7.067126420385675E11     0.7746729058443564       7.067126420385675E11     2145.8497034670277
4.2520868113522537E-4    7.050478301609738E11     0.7228090226897695       7.050478301609738E11     3313.1262547510396
4.2621035058430714E-4    7.033908434860948E11     0.45942310361912747      7.033908434860948E11     9018.421642753905
4.2721202003338896E-4    7.017416269714733E11     0.971927204298466        7.017416269714733E11     6019.541407469669
4.282136894824708E-4     7.001001260896686E11     0.8913438926004932       7.001001260896686E11     2907.502288675205
4.292153589315526E-4     6.98466286822248E11      0.8587719100494279       6.98466286822248E11      2182.9400330822155
4.302170283806344E-4     6.968400556538611E11     0.8391410791851305       6.968400556538611E11     1902.2070567977105
4.312186978297162E-4     6.952213795663956E11     0.8241510798678796       6.952213795663956E11     1759.49246286434
4.3222036727879796E-4    6.936102060332175E11     0.8110413026719001       6.936102060332175E11     1694.990062535684
4.332220367278798E-4     6.920064830134875E11     0.7986067010195167       6.920064830134875E11     1666.6760122890698
4.342237061769616E-4     6.904101589465591E11     0.7862058811330911       6.904101589465591E11     1664.6403578367206
4.352253756260434E-4     6.888211827464518E11     0.7734352424919235       6.888211827464518E11     1684.0663536381217
4.3622704507512524E-4    6.872395037964025E11     0.7599993476740323       6.872395037964025E11     1718.0778959638317
4.37228714524207E-4      6.856650719434899E11     0.7456511232916518       6.856650719434899E11     1767.070982201791
4.382303839732888E-4     6.840978374933334E11     0.7301603623252566       6.840978374933334E11     1830.4584315277962
4.392320534223706E-4     6.825377512048651E11     0.7132947158220613       6.825377512048651E11     1905.9798706089775
4.402337228714524E-4     6.809847642851726E11     0.6948064124476817       6.809847642851726E11     1994.0811854326712
4.4123539232053424E-4    6.794388283844116E11     0.6744215220202397       6.794388283844116E11     2093.951096969308
4.4223706176961606E-4    6.77899895590789E11      0.6518301454159275       6.77899895590789E11      2202.1939357499923
4.4323873121869783E-4    6.76367918425612E11      0.6266766896619346       6.76367918425612E11      2318.3946499989015
4.442404006677796E-4     6.748428498384066E11     0.5985498682003116       6.748428498384066E11     2443.525861881918
4.452420701168614E-4     6.733246432020997E11     0.5669724996641708       6.733246432020997E11     2578.558445821367
4.4624373956594324E-4    6.718132523082678E11     0.5313917423047673       6.718132523082678E11     2724.428464455392
4.4724540901502506E-4    6.703086313624486E11     0.49117129087401773      6.703086313624486E11     2881.9743720680995
4.482470784641069E-4     6.688107349795159E11     0.4455885622504625       6.688107349795159E11     3051.831812940936
4.4924874791318865E-4    6.673195181791156E11     0.39384250571295565      6.673195181791156E11     3234.2688752256154
4.502504173622704E-4     6.658349363811643E11     0.33508256305057993      6.658349363811643E11     3428.9413073707456
4.5125208681135224E-4    6.643569454014059E11     0.26848073880239925      6.643569454014059E11     3634.548427906963
4.5225375626043406E-4    6.628855014470284E11     0.19341205526411703      6.628855014470284E11     3848.383238138714
4.532554257095159E-4     6.614205611123389E11     0.11015013695909559      6.614205611123389E11     4065.8059646806128
4.542570951585977E-4     6.599620813744946E11     0.03242651981713536      6.599620813744946E11     4279.7420239459725
4.5525876460767947E-4    6.585100195892922E11     0.09731852597375579      6.585100195892922E11     4480.415650983533
4.5626043405676124E-4    6.570643334870107E11     0.20565937906409695      6.570643334870107E11     4655.643412406401
4.5726210350584306E-4    6.556249811683096E11     0.32032968246544713      6.556249811683096E11     4792.023296834234
4.582637729549249E-4     6.541919211001823E11     0.4360321062437425       6.541919211001823E11     4877.180499455312
4.592654424040067E-4     6.527651121119592E11     0.5479073838704948       6.527651121119592E11     4904.580868245902
4.6026711185308847E-4    6.513445133913674E11     0.6513484048192459       6.513445133913674E11     4876.287284588565
4.612687813021703E-4     6.49930084480637E11      0.7426719868155655       6.49930084480637E11      4793.071777983574
4.6227045075125206E-4    6.485217852726617E11     0.819623482042461        6.485217852726617E11     4672.759225685379
4.632721202003339E-4     6.471195760072073E11     0.8814654247472741       6.471195760072073E11     4517.377184062059
4.642737896494157E-4     6.457234172671702E11     0.9286936407291828       6.457234172671702E11     4353.880652948025
4.652754590984975E-4     6.443332699748834E11     0.9625773040758607       6.443332699748834E11     4183.565906880187
4.662771285475793E-4     6.429490953884713E11     0.9847146487994248       6.429490953884713E11     4015.742205620883
4.672787979966611E-4     6.415708550982493E11     0.9967069618158848       6.415708550982493E11     3862.818717650596
4.682804674457429E-4     6.40198511023173E11      0.999967726152931        6.40198511023173E11      3724.519977688273
4.692821368948247E-4     6.388320254073284E11     0.9956385075639407       6.388320254073284E11     3602.009070199845
4.702838063439065E-4     6.374713608164713E11     0.984572982318811        6.374713608164713E11     3498.0648728940246
4.7128547579298834E-4    6.361164801346085E11     0.967357614531663        6.361164801346085E11     3411.4174484432006
4.722871452420701E-4     6.347673465606221E11     0.94434874251845         6.347673465606221E11     3342.0476780900276
4.7328881469115193E-4    6.334239236049382E11     0.9157153109692079       6.334239236049382E11     3285.232293817352
4.742904841402337E-4     6.320861750862372E11     0.8814828043335278       6.320861750862372E11     3242.250296222858
4.752921535893155E-4     6.307540651282051E11     0.8415775211709358       6.307540651282051E11     3212.573673084658
4.7629382303839734E-4    6.294275581563267E11     0.7958719540855174       6.294275581563267E11     3194.859127027969
4.7729549248747916E-4    6.281066188947184E11     0.7442323156350531       6.281066188947184E11     3181.447744961525
4.782971619365609E-4     6.267912123630017E11     0.6865685823044634       6.267912123630017E11     3170.499962908598
4.7929883138564275E-4    6.254813038732148E11     0.6228861870938834       6.254813038732148E11     3160.112480790994
4.803005008347245E-4     6.24176859026764E11      0.5533373319131689       6.24176859026764E11      3148.3947448773474
4.8130217028380634E-4    6.228778437114116E11     0.47827038120535526      6.228778437114116E11     3133.567326583381
4.8230383973288816E-4    6.21584224098304E11      0.39828229775255714      6.21584224098304E11      3114.0764073975192
4.8330550918197E-4       6.202959666390327E11     0.3143071512009164       6.202959666390327E11     3088.7118117354503
4.8430717863105175E-4    6.19013038062737E11      0.22790090477900304      6.19013038062737E11      3056.711338059133
4.8530884808013357E-4    6.177354053732369E11     0.1426830345089005       6.177354053732369E11     3017.833916174511
4.8631051752921534E-4    6.164630358462068E11     0.07586604836740955      6.164630358462068E11     2972.3896899156175
4.8731218697829716E-4    6.151958970263789E11     0.09609958189596077      6.151958970263789E11     2921.2257097986135
4.88313856427379E-4      6.139339567247863E11     0.17717973426101         6.139339567247863E11     2865.67866025622
4.893155258764608E-4     6.126771830160354E11     0.26931178664378363      6.126771830160354E11     2807.51727673221
4.903171953255425E-4     6.114255442356146E11     0.36463041756434506      6.114255442356146E11     2748.9039423094027
4.913188647746244E-4     6.10179008977234E11      0.46189253718481726      6.10179008977234E11      2692.4052549982816
4.923205342237062E-4     6.089375460902001E11     0.5612664748197541       6.089375460902001E11     2641.068918353057
4.93322203672788E-4      6.07701124676819E11      0.6632414798377286       6.07701124676819E11      2609.3043730194227
4.943238731218698E-4     6.064697140898345E11     0.7675260278936865       6.064697140898345E11     2614.307979760974
4.953255425709516E-4     6.052432839298955E11     0.8704431904610351       6.052432839298955E11     2681.1911387501705
4.963272120200334E-4     6.040218040430541E11     0.958765648406166        6.040218040430541E11     2943.7643187317567
4.973288814691152E-4     6.028052445182948E11     0.9999906691196258       6.028052445182948E11     3535.368198276362
4.98330550918197E-4      6.015935756850922E11     0.9463742706898951       6.015935756850922E11     4323.777123739777
4.993322203672788E-4     6.003867681109996E11     0.7852706939290789       6.003867681109996E11     4754.82354836306
5.003338898163606E-4     5.99184792599266E11      0.5762461779322985       5.99184792599266E11      4725.007486159889
5.013355592654424E-4     5.979876201864801E11     0.39115962233169455      5.979876201864801E11     4441.058488375365
5.023372287145242E-4     5.96795222140246E11      0.26928628546880995      5.96795222140246E11      4088.7785233982263
5.033388981636061E-4     5.956075699568821E11     0.2277132367445503       5.956075699568821E11     3752.406355169803
5.043405676126878E-4     5.944246353591526E11     0.2495524743445232       5.944246353591526E11     3456.351416444318
5.053422370617696E-4     5.932463902940205E11     0.2960276952189758       5.932463902940205E11     3202.096995650972
5.063439065108514E-4     5.920728069304319E11     0.3457257149037411       5.920728069304319E11     2984.43633656434
5.073455759599333E-4     5.90903857657124E11      0.392014906068247        5.90903857657124E11      2797.1593044702695
5.083472454090151E-4     5.897395150804597E11     0.43348325399545184      5.897395150804597E11     2634.7343392513812
5.093489148580968E-4     5.885797520222878E11     0.47025095548744544      5.885797520222878E11     2492.638120783562
5.103505843071786E-4     5.87424541517828E11      0.5028338094306997       5.87424541517828E11      2367.276801727475
5.113522537562604E-4     5.862738568135814E11     0.5317968620480434       5.862738568135814E11     2255.8147823954905
5.123539232053423E-4     5.851276713652655E11     0.5576534844534244       5.851276713652655E11     2156.0087836110165
5.133555926544241E-4     5.839859588357723E11     0.580843244315932        5.839859588357723E11     2066.0715720059184
5.143572621035058E-4     5.828486930931516E11     0.6017347467376938       5.828486930931516E11     1984.566422992794
5.153589315525877E-4     5.817158482086167E11     0.6206353244336147       5.817158482086167E11     1910.3271839690913
5.163606010016694E-4     5.805873984545748E11     0.6378014707843275       5.805873984545748E11     1842.3981094051771
5.173622704507513E-4     5.794633183026783E11     0.6534481185458696       5.794633183026783E11     1779.9885125384505
5.183639398998331E-4     5.783435824219001E11     0.6677563537324055       5.783435824219001E11     1722.438399384993
5.193656093489149E-4     5.772281656766312E11     0.6808796547695214       5.772281656766312E11     1669.1922302604883
5.203672787979967E-4     5.761170431247994E11     0.692948886145327        5.761170431247994E11     1619.778716314961
5.213689482470784E-4     5.750101900160103E11     0.7040762861340342       5.750101900160103E11     1573.7951243371774
5.223706176961603E-4     5.739075817897092E11     0.7143586575952445       5.739075817897092E11     1530.8949744544657
5.233722871452421E-4     5.728091940733652E11     0.723879932018819        5.728091940733652E11     1490.778312194364
5.243739565943239E-4     5.717150026806749E11     0.7327132411743272       5.717150026806749E11     1453.1839503926944
5.253756260434057E-4     5.706249836097871E11     0.7409226010089268       5.706249836097871E11     1417.8832312094523
5.263772954924874E-4     5.695391130415479E11     0.7485642888936079       5.695391130415479E11     1384.6749710267636
5.273789649415693E-4     5.684573673377651E11     0.7556879770614736       5.684573673377651E11     1353.3813333314163
5.283806343906511E-4     5.673797230394945E11     0.7623376710634591       5.673797230394945E11     1323.8444353475425
5.293823038397329E-4     5.663061568653422E11     0.7685524913355357       5.663061568653422E11     1295.9235392399644
5.303839732888147E-4     5.652366457097891E11     0.774367327752614        5.652366457097891E11     1269.4927124145488
5.313856427378965E-4     5.641711666415331E11     0.7798133907322033       5.641711666415331E11     1244.4388668554614
5.323873121869784E-4     5.631096969018501E11     0.78491867758081         5.631096969018501E11     1220.660106750558
5.333889816360601E-4     5.620522139029734E11     0.78970836900307         5.620522139029734E11     1198.0643284326222
5.343906510851419E-4     5.609986952264918E11     0.7942051677506636       5.609986952264918E11     1176.5680280551503
5.353923205342237E-4     5.599491186217649E11     0.7984295890832833       5.599491186217649E11     1156.0952812666283
5.363939899833055E-4     5.589034620043573E11     0.8024002108958754       5.589034620043573E11     1136.576866054779
5.373956594323874E-4     5.578617034544889E11     0.8061338899241444       5.578617034544889E11     1117.949505370839
5.383973288814691E-4     5.568238212155039E11     0.8096459492917808       5.568238212155039E11     1100.155210445559
5.393989983305509E-4     5.557897936923553E11     0.8129503417408448       5.557897936923553E11     1083.140709131898
5.404006677796327E-4     5.547595994501082E11     0.8160597921427412       5.547595994501082E11     1066.8569463571027
5.414023372287145E-4     5.537332172124575E11     0.8189859222858323       5.537332172124575E11     1051.2586459726786
5.424040066777964E-4     5.527106258602646E11     0.8217393604444576       5.527106258602646E11     1036.303925078972
5.434056761268782E-4     5.516918044301074E11     0.8243298378323428       5.516918044301074E11     1021.9539533593693
5.4440734557596E-4       5.506767321128488E11     0.8267662737130557       5.506767321128488E11     1008.1726511428475
5.454090150250417E-4     5.496653882522192E11     0.8290568506676046       5.496653882522192E11     994.9264208951213
5.464106844741235E-4     5.4865775234341583E11    0.8312090812913014       5.4865775234341583E11    982.1839076418933
5.474123539232054E-4     5.47653804031717E11      0.8332298674047464       5.47653804031717E11      969.9157844932913
5.484140233722872E-4     5.466535231111111E11     0.8351255527047561       5.466535231111111E11     958.0945599965288
5.49415692821369E-4      5.4565688952294135E11    0.83690196964794         5.4565688952294135E11    946.694404499975
5.504173622704507E-4     5.446638833545648E11     0.838564481248287        5.446638833545648E11     935.6909931078183
5.514190317195326E-4     5.4367448483802594E11    0.8401180183743867       5.4367448483802594E11    925.061363117415
5.524207011686144E-4     5.426886743487458E11     0.8415671130513719       5.426886743487458E11     915.19855433288
5.534223706176962E-4     5.417064324042232E11     0.8429159282035351       5.417064324042232E11     906.2744319076872
5.54424040066778E-4      5.4072773966275214E11    0.8441682842141206       5.4072773966275214E11    898.1830144871315
5.554257095158597E-4     5.397525769221521E11     0.8453276826278303       5.397525769221521E11     890.8518717213489
5.564273789649416E-4     5.387809251185118E11     0.8463973272770962       5.387809251185118E11     883.877257270639
5.574290484140234E-4     5.3781276532494763E11    0.8473801430748445       5.3781276532494763E11    877.1511450229217
5.584307178631052E-4     5.3684807875037366E11    0.8482787926818599       5.3684807875037366E11    870.6613045625065
5.59432387312187E-4      5.3588684673828705E11    0.8490956912281349       5.3588684673828705E11    864.3960035552725
5.604340567612688E-4     5.3492905076556445E11    0.8498330192389996       5.3492905076556445E11    858.3439578522523
5.614357262103506E-4     5.3397467244127264E11    0.8504927338949133       5.3397467244127264E11    852.4942841892715
5.624373956594324E-4     5.330236935054913E11     0.8510765787300577       5.330236935054913E11     855.8522317971407
5.634390651085143E-4     5.320760958281481E11     0.851586091855328        5.320760958281481E11     860.8122562865766
5.64440734557596E-4      5.311318614078675E11     0.8520226127723          5.311318614078675E11     866.0322679146874
5.654424040066778E-4     5.301909723708296E11     0.8523872878262707       5.301909723708296E11     871.5220901822286
5.664440734557596E-4     5.292534109696434E11     0.8526810743283917       5.292534109696434E11     877.2922974910641
5.674457429048413E-4     5.2831915958223016E11    0.8529047433599003       5.2831915958223016E11    883.354283444868
5.684474123539233E-4     5.273882007107195E11     0.8530588812522054       5.273882007107195E11     889.7203365667419
5.69449081803005E-4      5.264605169803577E11     0.8531438897185464       5.264605169803577E11     896.4037244481678
5.704507512520868E-4     5.255360911384255E11     0.8531599845922289       5.255360911384255E11     903.418787493444
5.714524207011686E-4     5.2461490605316974E11    0.853107193104729        5.2461490605316974E11    910.7810436100525
5.724540901502505E-4     5.236969447127442E11     0.8529853496121974       5.236969447127442E11     918.5073054025634
5.734557595993323E-4     5.2278219022416296E11    0.8527940896517731       5.2278219022416296E11    926.6158116857424
5.74457429048414E-4      5.218706258122639E11     0.8525328421775639       5.218706258122639E11     935.1263754317163
5.754590984974959E-4     5.2096223481868286E11    0.8522008197892946       5.2096223481868286E11    944.06055062505
5.764607679465776E-4     5.2005700070083984E11    0.8517970067245707       5.2005700070083984E11    953.4418209284204
5.774624373956595E-4     5.191549070309338E11     0.8513201443342375       5.191549070309338E11     963.2958135799582
5.784641068447413E-4     5.1825593749494946E11    0.8507687137008128       5.1825593749494946E11    973.6505425603536
5.79465776293823E-4      5.173600758916739E11     0.8501409149864244       5.173600758916739E11     984.5366858247701
5.804674457429049E-4     5.1646730613172266E11    0.8494346430092904       5.1646730613172266E11    995.9879023016108
5.814691151919866E-4     5.155776122365777E11     0.848647458440055        5.155776122365777E11     1008.0411954800263
5.824707846410685E-4     5.146909783376325E11     0.8477765538773095       5.146909783376325E11     1020.7373317588633
5.834724540901503E-4     5.138073886752503E11     0.8468187138996595       5.138073886752503E11     1034.1213234335617
5.844741235392321E-4     5.1292682759782916E11    0.8457702679885571       5.1292682759782916E11    1048.2429882260299
5.854757929883139E-4     5.1204927956087823E11    0.8446270349639153       5.1204927956087823E11    1063.157599889748
5.864774624373956E-4     5.11174729126103E11      0.8433842572576492       5.11174729126103E11      1078.9266475996633
5.874791318864776E-4     5.1030316096050006E11    0.842036522947006        5.1030316096050006E11    1095.61872589767
5.884808013355593E-4     5.09434559835461E11      0.8405776729591459       5.09434559835461E11      1113.3105820572036
5.894824707846411E-4     5.08568910625885E11      0.8390006902021281       5.08568910625885E11      1132.0883542161807
5.904841402337229E-4     5.0770619830930164E11    0.8372975665304234       5.0770619830930164E11    1152.0490419206014
5.914858096828046E-4     5.0684640796500146E11    0.8354591423527757       5.0684640796500146E11    1173.3022613867167
5.924874791318866E-4     5.059895247731755E11     0.8334749122468121       5.059895247731755E11     1195.9723516313652
5.934891485809683E-4     5.0513553401406476E11    0.8313327880392162       5.0513553401406476E11    1220.200915685266
5.944908180300501E-4     5.04284421067116E11      0.8290188082702643       5.04284421067116E11      1246.1499048892442
5.954924874791319E-4     5.0343617141014856E11    0.8265167795474765       5.0343617141014856E11    1274.0053858452184
5.964941569282137E-4     5.025907706185278E11     0.8238078306566716       5.025907706185278E11     1303.9821718523672
5.974958263772956E-4     5.0174820436434753E11    0.8208698539426008       5.0174820436434753E11    1336.3295577817096
5.984974958263773E-4     5.0090845841562067E11    0.8176767996569212       5.0090845841562067E11    1371.3384752726042
5.994991652754592E-4     5.0007151863547754E11    0.8141977766113192       5.0007151863547754E11    1409.3504926087314
6.005008347245409E-4     4.9923737098137335E11    0.81039589492463         4.9923737098137335E11    1450.7692334348856
6.015025041736227E-4     4.9840600150430194E11    0.8062267614065367       4.9840600150430194E11    1496.074999775619
6.025041736227046E-4     4.975773963480188E11     0.8016365012930337       4.975773963480188E11     1545.8436865057113
6.035058430717863E-4     4.967515417482711E11     0.79655912551352         4.967515417482711E11     1600.7715108223358
6.045075125208682E-4     4.9592842403203534E11    0.7909129806212714       4.9592842403203534E11    1661.707720212713
6.055091819699499E-4     4.951080296167632E11     0.7845958929646437       4.951080296167632E11     1729.698394287637
6.065108514190317E-4     4.942903450096339E11     0.7774784230823674       4.942903450096339E11     1806.04589278841
6.075125208681136E-4     4.93475356806815E11      0.7693943358196976       4.93475356806815E11      1892.3907037412675
6.085141903171954E-4     4.9266305169272974E11    0.7601268891848229       4.9266305169272974E11    1990.8258686590007
6.095158597662772E-4     4.9185341643933167E11    0.7493887159675461       4.9185341643933167E11    2104.0595537249783
6.105175292153589E-4     4.9104643790538696E11    0.7367916798727107       4.9104643790538696E11    2235.649913097614
6.115191986644408E-4     4.9024210303576294E11    0.7218007179490579       4.9024210303576294E11    2390.3500645299137
6.125208681135226E-4     4.89440398860725E11      0.7036616369923501       4.89440398860725E11      2574.6224780116877
6.135225375626044E-4     4.886413124952381E11     0.6812861092444547       4.886413124952381E11     2797.4139507372483
6.145242070116862E-4     4.8784483113827765E11    0.6530671543417595       4.8784483113827765E11    3071.3212574467534
6.155258764607679E-4     4.870509420721454E11     0.6165904679609714       4.870509420721454E11     3414.287645837608
6.165275459098498E-4     4.8625963266179254E11    0.5682432851045135       4.8625963266179254E11    3851.7709860312207
6.175292153589316E-4     4.854708903541498E11     0.5030639063977842       4.854708903541498E11     4418.133322414509
6.185308848080134E-4     4.846847026774629E11     0.4174492847923484       4.846847026774629E11     5150.7167747575095
6.195325542570952E-4     4.839010572406359E11     0.3313460540575586       4.839010572406359E11     6050.840774120449
6.205342237061769E-4     4.831199417325801E11     0.3652323400933821       4.831199417325801E11     6952.760911418172
6.215358931552588E-4     4.8234134392156854E11    0.5889389257279051       4.8234134392156854E11    7368.390275659788
6.225375626043405E-4     4.815652516545991E11     0.8202072249578821       4.815652516545991E11     6869.235839376922
6.235392320534224E-4     4.807916528567604E11     0.9468855450136947       4.807916528567604E11     5828.18115441495
6.245409015025042E-4     4.8002053553060675E11    0.9921397061306426       4.8002053553060675E11    4822.079928511293
6.25542570951586E-4      4.792518877555377E11     0.9998930644227062       4.792518877555377E11     4043.965735398422
6.265442404006678E-4     4.784856976871836E11     0.9935040475894993       4.784856976871836E11     3478.0343625608657
6.275459098497495E-4     4.77721953556797E11      0.9825141811148113       4.77721953556797E11      3072.4662647930286
6.285475792988315E-4     4.769606436706507E11     0.97055269587941         4.769606436706507E11     2780.2200908121313
6.295492487479132E-4     4.762017564094404E11     0.9589395461321784       4.762017564094404E11     2567.12189853845
6.30550918196995E-4      4.75445280227694E11      0.9480999776680853       4.75445280227694E11      2411.142010017437
6.315525876460768E-4     4.7469120365318524E11    0.938113148386595        4.7469120365318524E11    2295.229430836396
6.325542570951585E-4     4.739395152863553E11     0.92892905112785         4.739395152863553E11     2201.7165401089756
6.335559265442405E-4     4.7319020379973645E11    0.9204557336748204       4.7319020379973645E11    2123.6197691688394
6.345575959933222E-4     4.7244325793738495E11    0.9125942222782756       4.7244325793738495E11    2057.783780053885
6.35559265442404E-4      4.7169866651431573E11    0.9052518262411576       4.7169866651431573E11    2001.8430271144955
6.365609348914858E-4     4.709564184159455E11     0.8983464130911375       4.709564184159455E11     1953.9961370370365
6.375626043405677E-4     4.7021650259753864E11    0.891806969882364        4.7021650259753864E11    1912.851030081388
6.385642737896495E-4     4.694789080836601E11     0.8855727342004692       4.694789080836601E11     1877.3171528811245
6.395659432387312E-4     4.6874362396763245E11    0.8795918766649372       4.6874362396763245E11    1846.529373834389
6.405676126878131E-4     4.680106394109981E11     0.8738201460307616       4.680106394109981E11     1819.793430695594
6.415692821368948E-4     4.6727994364298724E11    0.8682196355105724       4.6727994364298724E11    1796.5462567025586
6.425709515859767E-4     4.6655152595998956E11    0.8627577181085514       4.6655152595998956E11    1776.3267268232044
6.435726210350585E-4     4.658253757250324E11     0.85740615185944         4.658253757250324E11     1758.7538053092167
6.445742904841402E-4     4.651014823672624E11     0.8521403378745043       4.651014823672624E11     1743.5100220317938
6.455759599332221E-4     4.6437983538143256E11    0.846938708980461        4.6437983538143256E11    1730.3288351220003
6.465776293823038E-4     4.6366042432739484E11    0.8417822270954162       4.6366042432739484E11    1718.984862550685
6.475792988313856E-4     4.629432388295952E11     0.8366539699192688       4.629432388295952E11     1709.2862559432729
6.485809682804675E-4     4.622282685765766E11     0.8315387904924044       4.622282685765766E11     1701.0686912494039
6.495826377295493E-4     4.6151550332048315E11    0.8264230360499711       4.6151550332048315E11    1694.190592069183
6.505843071786311E-4     4.6080493287657166E11    0.821294315123183        4.6080493287657166E11    1688.5293016434998
6.515859766277128E-4     4.600965471227261E11     0.8161413039608489       4.600965471227261E11     1683.9779914324597
6.525876460767948E-4     4.593903359989767E11     0.8109535850829601       4.593903359989767E11     1680.4431463911312
6.535893155258765E-4     4.586862895070243E11     0.8057215121831074       4.586862895070243E11     1677.8425052951268
6.545909849749583E-4     4.579843977097679E11     0.8004360967258616       4.579843977097679E11     1676.1033627845475
6.555926544240401E-4     4.5728465073083777E11    0.7950889124858427       4.5728465073083777E11    1675.1611609177753
6.565943238731218E-4     4.565870387541317E11     0.7896720149978862       4.565870387541317E11     1674.9583139699748
6.575959933222038E-4     4.558915520233561E11     0.7841778734624919       4.558915520233561E11     1675.4432223038916
6.585976627712855E-4     4.5519818084157166E11    0.7785993131133206       4.5519818084157166E11    1676.5694403924433
6.595993322203673E-4     4.545069155707416E11     0.772929466423334        4.545069155707416E11     1678.2949712307618
6.606010016694491E-4     4.538177466312863E11     0.767161731824943        4.538177466312863E11     1680.5816649095282
6.616026711185309E-4     4.5313066450164014E11    0.7612897388599064       4.5313066450164014E11    1683.3947034641615
6.626043405676128E-4     4.52445659717813E11      0.7553073188706253       4.52445659717813E11      1686.7021575336612
6.636060100166945E-4     4.51762722872956E11      0.7492084805026558       4.51762722872956E11      1690.4746030531999
6.646076794657764E-4     4.5108184461693036E11    0.7429873894180735       4.5108184461693036E11    1694.6847883729422
6.656093489148581E-4     4.504030156558816E11     0.736638351725307        4.504030156558816E11     1699.307343912108
6.666110183639399E-4     4.497262267518157E11     0.7301558007178895       4.497262267518157E11     1704.318527846068
6.676126878130218E-4     4.4905146872218054E11    0.7235342865863592       4.4905146872218054E11    1709.6960024618734
6.686143572621035E-4     4.4837873243945074E11    0.7167684688261008       4.4837873243945074E11    1715.418636718522
6.696160267111854E-4     4.4770800883071545E11    0.7098531111127608       4.4770800883071545E11    1721.466331311572
6.706176961602671E-4     4.470392888772716E11     0.7027830784562052       4.470392888772716E11     1727.8198631556597
6.716193656093489E-4     4.463725636142182E11     0.69555333647773         4.463725636142182E11     1734.4607467080973
6.726210350584308E-4     4.4570782413005707E11    0.6881589526804269       4.4570782413005707E11    1741.3711099785453
6.736227045075126E-4     4.450450615662949E11     0.680595099605601        4.450450615662949E11     1748.5335834367834
6.746243739565944E-4     4.4438426711705023E11    0.672857059783667        4.4438426711705023E11    1755.9312003078946
6.756260434056761E-4     4.437254320286632E11     0.6649402324024782       4.437254320286632E11     1763.54730701828
6.76627712854758E-4      4.430685475993091E11     0.6568401416247622       4.430685475993091E11     1771.365482748827
6.776293823038397E-4     4.424136051786154E11     0.6485524464929823       4.424136051786154E11     1779.3694672436025
6.786310517529216E-4     4.417605961672817E11     0.6400729523646846       4.417605961672817E11     1787.5430961748107
6.796327212020034E-4     4.411095120167035E11     0.6313976238213712       4.411095120167035E11     1795.8702434935262
6.806343906510851E-4     4.404603442285995E11     0.6225225989940271       4.404603442285995E11     1804.3347703120874
6.81636060100167E-4      4.398130843546412E11     0.6134442052442776       4.398130843546412E11     1812.9204799605875
6.826377295492487E-4     4.3916772399608704E11    0.6041589761358966       4.3916772399608704E11    1821.611078937851
6.836393989983306E-4     4.3852425480341876E11    0.5946636696231867       4.3852425480341876E11    1830.3901435593684
6.846410684474124E-4     4.3788266847598145E11    0.5849552873746359       4.3788266847598145E11    1839.2410921482738
6.856427378964942E-4     4.3724295676162646E11    0.5750310951406049       4.3724295676162646E11    1848.147162678863
6.86644407345576E-4      4.366051114563578E11     0.5648886440600526       4.366051114563578E11     1857.0913958150397
6.876460767946577E-4     4.3596912440398157E11    0.5545257927913696       4.3596912440398157E11    1866.056623314829
6.886477462437397E-4     4.3533498749575745E11    0.5439407303370242       4.3533498749575745E11    1875.0254618053355
6.896494156928214E-4     4.347026926700557E11     0.5331319994188407       4.347026926700557E11     1883.9803119353348
6.906510851419032E-4     4.3407223191201355E11    0.5220985202461472       4.3407223191201355E11    1892.9033629260953
6.91652754590985E-4      4.334435972531981E11     0.5108396145060412       4.334435972531981E11     1901.776602543222
6.926544240400667E-4     4.328167807712702E11     0.499355029393831        4.328167807712702E11     1910.581832490009
6.936560934891487E-4     4.32191774589651E11      0.4876449614871259       4.32191774589651E11      1919.3006892291426
6.946577629382304E-4     4.31568570877193E11      0.4757100802645469       4.31568570877193E11      1927.9146701925902
6.956594323873122E-4     4.309471618478522E11     0.4635515510604653       4.309471618478522E11     1936.4051653302024
6.96661101836394E-4      4.3032753976036426E11    0.4511710572500559       4.3032753976036426E11    1944.753493891914
6.976627712854759E-4     4.297096969179229E11     0.4385708214644079       4.297096969179229E11     1952.9409463168272
6.986644407345577E-4     4.290936256678613E11     0.42575362564945096      4.290936256678613E11     1960.9488310280935
6.996661101836394E-4     4.284793184013362E11     0.412722829807976        4.284793184013362E11     1968.7585259108794
7.006677796327213E-4     4.2786676755301404E11    0.3994823893020683       4.2786676755301404E11    1976.351534154514
7.01669449081803E-4      4.2725596560076135E11    0.3860368706478978       4.2725596560076135E11    1983.7095441276213
7.026711185308848E-4     4.266469050653362E11     0.3723914658173882       4.266469050653362E11     1990.814492837838
7.036727879799667E-4     4.26039578510083E11      0.3585520051699923       4.26039578510083E11      1997.6486325227788
7.046744574290484E-4     4.254339785406302E11     0.3445249692946807       4.254339785406302E11     2004.1945998079086
7.056761268781303E-4     4.248300978045895E11     0.3303175002606901       4.248300978045895E11     2010.435486844119
7.06677796327212E-4      4.2422792899125916E11    0.3159374130808414       4.2422792899125916E11    2016.354913763351
7.076794657762938E-4     4.236274648313281E11     0.30139320863469304      4.236274648313281E11     2021.937101755587
7.086811352253757E-4     4.2302869809658417E11    0.28669408993573964      4.2302869809658417E11    2027.166946010911
7.096828046744575E-4     4.224316215996236E11     0.2718499845821524       4.224316215996236E11     2032.0300877722916
7.106844741235393E-4     4.2183622819356354E11    0.2568715776762552       4.2183622819356354E11    2036.5129846803698
7.11686143572621E-4      4.2124251077175696E11    0.24177036175245445      4.2124251077175696E11    2040.6029786240742
7.12687813021703E-4      4.206504622675099E11     0.2265587138656844       4.206504622675099E11     2044.2883602812674
7.136894824707847E-4     4.200600756538012E11     0.2112500159412733       4.200600756538012E11     2047.5584295751469
7.146911519198665E-4     4.194713439430039E11     0.19585884461284078      4.194713439430039E11     2050.4035512849723
7.156928213689483E-4     4.1888426018661066E11    0.18040127462454644      4.1888426018661066E11    2052.8152051033767
7.1669449081803E-4       4.182988174749592E11     0.16489537258394238      4.182988174749592E11     2054.786029493968
7.17696160267112E-4      4.1771500893696204E11    0.14936202051696082      4.1771500893696204E11    2056.3098587556624
7.186978297161937E-4     4.1713282773983734E11    0.13382633493075782      4.1713282773983734E11    2057.3817528057984
7.196994991652755E-4     4.1655226708884247E11    0.1183202167389865       4.1655226708884247E11    2057.9980192713833
7.207011686143573E-4     4.1597332022700946E11    0.10288718380167323      4.1597332022700946E11    2058.1562275765414
7.217028380634391E-4     4.153959804348831E11     0.08759216380019239      4.153959804348831E11     2057.8552148317453
7.22704507512521E-4      4.14820241030261E11      0.07254307163691598      4.14820241030261E11      2057.0950834312143
7.237061769616027E-4     4.142460953679354E11     0.05794350838606478      4.142460953679354E11     2055.8771903847423
7.247078464106846E-4     4.1367353683943787E11    0.044237587879157554     4.1367353683943787E11    2054.204128504826
7.257095158597663E-4     4.131025588727858E11     0.03254450902745253      4.131025588727858E11     2052.0796997095504
7.267111853088481E-4     4.1253315493223065E11    0.025700495190330862     4.1253315493223065E11    2049.5088807639777
7.2771285475793E-4       4.119653185180087E11     0.02749647923823409      4.119653185180087E11     2046.4977819111773
7.287145242070117E-4     4.1139904316609393E11    0.036595905444744246     4.1139904316609393E11    2043.0535989092043
7.297161936560936E-4     4.108343224479524E11     0.049012190330721545     4.108343224479524E11     2039.1845590732755
7.307178631051753E-4     4.1027114997029926E11    0.06273416801527298      4.1027114997029926E11    2034.8998619793651
7.317195325542571E-4     4.0970951937485736E11    0.07699902283397561      4.0970951937485736E11    2030.2096155381585
7.32721202003339E-4      4.09149424338118E11      0.09148924112976758      4.09149424338118E11      2025.1247681778866
7.337228714524208E-4     4.0859085857110345E11    0.10605211405013173      4.0859085857110345E11    2019.6570379015816
7.347245409015026E-4     4.0803381581913196E11    0.1206041162150487       4.0803381581913196E11    2013.8188389845293
7.357262103505843E-4     4.074782898615838E11     0.1350944096071726       4.074782898615838E11     2007.623207080951
7.367278797996662E-4     4.0692427451167004E11    0.14948922071430146      4.0692427451167004E11    2001.0837234825246
7.37729549248748E-4      4.063717636162027E11     0.16376447287847248      4.063717636162027E11     1994.214439250054
7.387312186978298E-4     4.058207510553672E11     0.1779020242815415       4.058207510553672E11     1987.0297998935132
7.397328881469116E-4     4.05271230742496E11      0.19188761652971942      4.05271230742496E11      1979.5445712400503
7.407345575959933E-4     4.04723196623845E11      0.20570969227394384      4.04723196623845E11      1971.7737670654299
7.417362270450752E-4     4.041766426783704E11     0.2193586801651107       4.041766426783704E11     1963.732579011956
7.42737896494157E-4      4.036315629175096E11     0.23282654336738176      4.036315629175096E11     1955.4363092566414
7.437395659432388E-4     4.030879513849607E11     0.2461064827736251       4.030879513849607E11     1946.9003063154616
7.447412353923206E-4     4.0254580215646716E11    0.25919273415500416      4.0254580215646716E11    1938.1399043281772
7.457429048414024E-4     4.020051093396015E11     0.27208042401597954      4.020051093396015E11     1929.1703660872677
7.467445742904842E-4     4.0146586707355237E11    0.2847654630614478       4.0146586707355237E11    1920.0068300036887
7.477462437395659E-4     4.009280695289127E11     0.29724446429762286      4.009280695289127E11     1910.6642611742427
7.487479131886479E-4     4.003917109074693E11     0.30951467758716406      4.003917109074693E11     1901.1574066232208
7.497495826377296E-4     3.9985678544199506E11    0.32157393541104096      3.9985678544199506E11    1891.5007547647174
7.507512520868114E-4     3.993232873960418E11     0.3334206064124729       3.993232873960418E11     1881.7084990723883
7.517529215358932E-4     3.987912110637352E11     0.3450535544635004       3.987912110637352E11     1871.794505896162
7.527545909849749E-4     3.98260550769572E11      0.3564721017510639       3.98260550769572E11      1861.7722863471556
7.537562604340569E-4     3.97731300868217E11      0.3676759948759137       3.97731300868217E11      1851.6549721172478
7.547579298831386E-4     3.972034557443043E11     0.37866537329210065      3.972034557443043E11     1841.4552950858424
7.557595993322204E-4     3.966770098122377E11     0.38944073963569364      3.966770098122377E11     1831.185570539832
7.567612687813022E-4     3.961519575159938E11     0.4000029316445654       3.961519575159938E11     1820.8576838159015
7.577629382303839E-4     3.9562829332892706E11    0.4103530954707409       3.9562829332892706E11    1810.4830801586377
7.587646076794659E-4     3.951060117535753E11     0.42049266025891974      3.951060117535753E11     1800.072757584719
7.597662771285476E-4     3.945851073214678E11     0.43042331390648864      3.945851073214678E11     1789.6372625260042
7.607679465776294E-4     3.9406557459293396E11    0.4401469799541774       3.9406557459293396E11    1779.1866880388582
7.617696160267112E-4     3.935474081569143E11     0.4496657955731066       3.935474081569143E11     1768.7306743479946
7.62771285475793E-4      3.930306026307726E11     0.4589820906252583       3.930306026307726E11     1758.2784115169277
7.637729549248749E-4     3.925151526601092E11     0.4680983677827169       3.925151526601092E11     1747.8386440218617
7.647746243739566E-4     3.920010529185767E11     0.477017283690077        3.920010529185767E11     1737.419677032494
7.657762938230385E-4     3.914882981076956E11     0.48574163115785013      3.914882981076956E11     1727.0293841920254
7.667779632721202E-4     3.909768829566732E11     0.4942743223714026       3.909768829566732E11     1716.6752167193583
7.67779632721202E-4      3.904668022222222E11     0.5026183730980738       3.904668022222222E11     1706.364213647203
7.687813021702839E-4     3.899580506883822E11     0.5107768878735          3.899580506883822E11     1696.103013032388
7.697829716193656E-4     3.8945062316634143E11    0.518753046143678        3.8945062316634143E11    1685.8978639891993
7.707846410684475E-4     3.8894451449426025E11    0.5265500893381516       3.8894451449426025E11    1675.7546393901719
7.717863105175292E-4     3.884397195370971E11     0.5341713088459666       3.884397195370971E11     1665.6788491171908
7.72787979966611E-4      3.8793623318643335E11    0.5416200348648046       3.8793623318643335E11    1655.675653731193
7.737896494156929E-4     3.8743405036030206E11    0.5488996260912821       3.8743405036030206E11    1645.7498784596546
7.747913188647747E-4     3.8693316600301654E11    0.5560134602185892       3.8693316600301654E11    1635.9060273993134
7.757929883138565E-4     3.8643357508500104E11    0.5629649252067572       3.8643357508500104E11    1626.1482978502263
7.767946577629382E-4     3.8593527260262195E11    0.5697574112908284       3.8593527260262195E11    1616.4805947005364
7.777963272120202E-4     3.85438253578021E11      0.576394303690369        3.85438253578021E11      1606.90654479896
7.787979966611019E-4     3.849425130589496E11     0.5828789759841547       3.849425130589496E11     1597.4295112536422
7.797996661101837E-4     3.844480461186041E11     0.5892147841145694       3.844480461186041E11     1588.0526076038084
7.808013355592655E-4     3.839548478554629E11     0.5954050609857693       3.839548478554629E11     1578.7787118341387
7.818030050083472E-4     3.834629133931241E11     0.6014531116207125       3.834629133931241E11     1569.6104801787799
7.828046744574292E-4     3.8297223788014496E11    0.6073622088429402       3.8297223788014496E11    1560.550360706667
7.838063439065109E-4     3.824828164898829E11     0.6131355894497162       3.824828164898829E11     1551.6006066514678
7.848080133555927E-4     3.819946444203361E11     0.6187764508444872       3.819946444203361E11     1542.7632894770595
7.858096828046745E-4     3.815077168939877E11     0.6242879480979555       3.815077168939877E11     1534.0403116704908
7.868113522537563E-4     3.8102202915764905E11    0.6296731914067499       3.8102202915764905E11    1525.4334192495235
7.878130217028381E-4     3.8053757648230554E11    0.6349352439238054       3.8053757648230554E11    1516.9442139930995
7.888146911519199E-4     3.8005435416296295E11    0.6400771199307334       3.8005435416296295E11    1508.5741653904265
7.898163606010018E-4     3.79572357518495E11      0.6451017833281869       3.79572357518495E11      1500.3246223222936
7.908180300500835E-4     3.790915818914925E11     0.6500121464202812       3.790915818914925E11     1492.1968244815005
7.918196994991654E-4     3.786120226481129E11     0.6548110689689643       3.786120226481129E11     1484.191913550834
7.928213689482471E-4     3.781336751779321E11     0.6595013574982074       3.781336751779321E11     1476.310944154022
7.938230383973289E-4     3.77656534893796E11      0.6640857648278338       3.77656534893796E11      1468.5548946034169
7.948247078464108E-4     3.7718059723167395E11    0.668566989818342        3.7718059723167395E11    1460.9246774675114
7.958263772954925E-4     3.767058576505139E11     0.6729476773093579       3.767058576505139E11     1453.4211499843716
7.968280467445744E-4     3.7623231163209717E11    0.6772304182364451       3.7623231163209717E11    1446.0451243586733
7.978297161936561E-4     3.757599546808955E11     0.6814177499112497       3.757599546808955E11     1438.7973779660804
7.988313856427379E-4     3.75288782323929E11      0.6855121564520947       3.75288782323929E11      1431.6786635114008
7.998330550918198E-4     3.748187901106241E11     0.6895160693528659       3.748187901106241E11     1424.689719179313
8.008347245409015E-4     3.7434997361267456E11    0.6934318681791924       3.7434997361267456E11    1417.831278817378
8.018363939899834E-4     3.738823284239017E11     0.6972618813828876       3.738823284239017E11     1411.1040822103814
8.028380634390651E-4     3.7341585016011646E11    0.7010083872258653       3.7341585016011646E11    1404.508885489886
8.038397328881471E-4     3.729505344589823E11     0.7046736148058327       3.729505344589823E11     1398.046471745178
8.048414023372288E-4     3.7248637697987964E11    0.7082597451792911       3.7248637697987964E11    1391.717661896209
8.058430717863105E-4     3.7202337340377045E11    0.7117689125745802       3.7202337340377045E11    1385.523325905275
8.068447412353924E-4     3.715615194330643E11     0.7152032056932089       3.715615194330643E11     1379.4643943984183
8.078464106844741E-4     3.7110081079148584E11    0.718564669095858        3.7110081079148584E11    1373.5418707920498
8.088480801335561E-4     3.7064124322394214E11    0.7218553046716051       3.7064124322394214E11    1367.7568440189573
8.098497495826378E-4     3.7018281249639246E11    0.7250770731911729       3.7018281249639246E11    1362.110501962616
8.108514190317195E-4     3.697255143957175E11     0.7282318959440727       3.697255143957175E11     1356.6041457216925
8.118530884808014E-4     3.6926934472959076E11    0.7313216564635395       3.6926934472959076E11    1351.2392048433376
8.128547579298831E-4     3.6881429932635034E11    0.7343482023426128       3.6881429932635034E11    1346.0172536796128
8.138564273789651E-4     3.683603740348717E11     0.7373133471470869       3.683603740348717E11     1340.940029042474
8.148580968280468E-4     3.6790756472444165E11    0.740218872433642        3.6790756472444165E11    1336.009449357322
8.158597662771285E-4     3.6745586728463275E11    0.743066529882173        3.6745586728463275E11    1331.2276355418235
8.168614357262104E-4     3.670052776251788E11     0.7458580435542959       3.670052776251788E11     1326.5969338755733
8.178631051752921E-4     3.6655579167585223E11    0.7485951122927519       3.6655579167585223E11    1322.119941152227
8.188647746243741E-4     3.661074053863404E11     0.7512794122786811       3.661074053863404E11     1317.799532467269
8.198664440734558E-4     3.65660114726125E11      0.7539125997687285       3.65660114726125E11      1313.6388920405448
8.208681135225377E-4     3.6521391568436035E11    0.7564963140351477       3.6521391568436035E11    1309.6415475324402
8.218697829716194E-4     3.647688042697542E11     0.7590321805397773       3.647688042697542E11     1305.8114084037136
8.228714524207011E-4     3.6432477651044836E11    0.7615218143762463       3.6432477651044836E11    1302.152808943036
8.238731218697831E-4     3.638818284539007E11     0.7639668240221033       3.638818284539007E11     1298.6705567136155
8.248747913188648E-4     3.634399561667679E11     0.7663688154496141       3.634399561667679E11     1295.3699872890538
8.258764607679467E-4     3.629991557347887E11     0.7687293966541955       3.629991557347887E11     1292.2570263106502
8.268781302170284E-4     3.6255942326266907E11    0.7710501826697451       3.6255942326266907E11    1289.3382601020544
8.278797996661101E-4     3.6212075487396655E11    0.7733328011538566       3.6212075487396655E11    1286.6210162955542
8.288814691151921E-4     3.616831467109768E11     0.7755788986423721       3.616831467109768E11     1284.1134562255543
8.298831385642738E-4     3.612465949346208E11     0.7777901475933302       3.612465949346208E11     1281.8246811889683
8.308848080133557E-4     3.6081109572433185E11    0.7799682543629053       3.6081109572433185E11    1279.7648551106956
8.318864774624374E-4     3.60376645277945E11      0.7821149682893692       3.60376645277945E11      1277.9453466905522
8.328881469115194E-4     3.5994323981158545E11    0.7842320920960079       3.5994323981158545E11    1276.378894777076
8.338898163606011E-4     3.595108755595595E11     0.7863214938721248       3.595108755595595E11     1275.0798015526645
8.348914858096828E-4     3.590795487742452E11     0.7883851209511168       3.590795487742452E11     1274.0641591791136
8.358931552587647E-4     3.586492557259836E11     0.7904250160768812       3.586492557259836E11     1273.3501168778155
8.368948247078464E-4     3.582199927029723E11     0.7924433363466086       3.582199927029723E11     1272.9581971411703
8.378964941569284E-4     3.5779175601115753E11    0.7944423755386414       3.5779175601115753E11    1272.9116719565702
8.388981636060101E-4     3.5736454197412933E11    0.7964245905892127       3.5736454197412933E11    1273.2370127461165
8.398998330550918E-4     3.569383469330153E11     0.7983926331853423       3.569383469330153E11     1273.9644314283955
8.409015025041737E-4     3.565131672463768E11     0.8003493877061199       3.565131672463768E11     1275.128534828153
8.419031719532554E-4     3.560889992901051E11     0.8022980170929505       3.560889992901051E11     1276.769121063601
8.429048414023373E-4     3.5566583945731824E11    0.8042420186949628       3.5566583945731824E11    1278.932155070264
8.439065108514191E-4     3.5524368415825916E11    0.8061852927585824       3.5524368415825916E11    1281.6709719396022
8.44908180300501E-4      3.548225298201936E11     0.8081322270775404       3.548225298201936E11     1285.0477723795277
8.459098497495827E-4     3.5440237288731E11       0.8100878024771401       3.5440237288731E11       1289.1354961677807
8.469115191986644E-4     3.53983209820619E11      0.8120577254159126       3.53983209820619E11      1294.0201894153727
8.479131886477463E-4     3.535650370978539E11     0.8140485962422027       3.535650370978539E11     1299.8040237045657
8.489148580968281E-4     3.531478512133726E11     0.8160681248503318       3.531478512133726E11     1306.6091854579258
8.4991652754591E-4       3.5273164867805927E11    0.8181254101096764       3.5273164867805927E11    1314.5829412670828
8.509181969949917E-4     3.52316426019227E11      0.8202313062121508       3.52316426019227E11      1323.9043134843848
8.519198664440734E-4     3.519021797805213E11     0.8223989091830362       3.519021797805213E11     1334.7929928692342
8.529215358931553E-4     3.514889065218242E11     0.8246442121074703       3.514889065218242E11     1347.5214086474398
8.539232053422371E-4     3.510766028191593E11     0.82698700132682         3.510766028191593E11     1362.4313333904304
8.54924874791319E-4      3.5066526526459674E11    0.8294521033493656       3.5066526526459674E11    1379.9571278227788
8.559265442404007E-4     3.5025489046615955E11    0.8320711529896974       3.5025489046615955E11    1400.6589187307814
8.569282136894826E-4     3.498454750477303E11     0.8348851544294064       3.498454750477303E11     1425.2709974591535
8.579298831385643E-4     3.4943701564895886E11    0.8379482804587034       3.4943701564895886E11    1454.7741803803594
8.589315525876461E-4     3.490295089251701E11     0.8413336630132622       3.490295089251701E11     1490.5070685838305
8.59933222036728E-4      3.486229515472723E11     0.8451424949739276       3.486229515472723E11     1534.342712521121
8.609348914858097E-4     3.482173402016676E11     0.8495188517779357       3.482173402016676E11     1588.979799978386
8.619365609348916E-4     3.478126715901607E11     0.8546748328169697       3.478126715901607E11     1658.4440901917142
8.629382303839733E-4     3.4740894242987036E11    0.8609352710903767       3.4740894242987036E11    1748.9979800179435
8.639398998330551E-4     3.4700614945314014E11    0.8688216874232144       3.4700614945314014E11    1870.8968406749088
8.64941569282137E-4      3.466042894074503E11     0.8792198233571104       3.466042894074503E11     2042.0482637035302
8.659432387312187E-4     3.462033590553306E11     0.8937346056102426       3.462033590553306E11     2296.37475993121
8.669449081803006E-4     3.45803355174273E11      0.9154564707665137       3.45803355174273E11      2705.0981467561414
8.679465776293823E-4     3.454042745566455E11     0.9501122712387853       3.454042745566455E11     3435.7931549547015
8.689482470784643E-4     3.450061140096061E11     0.9962873395650722       3.450061140096061E11     5037.299257217312
8.69949916527546E-4      3.446088703550182E11     0.8896177350523325       3.446088703550182E11     7230.370923116048
8.709515859766277E-4     3.4421254042936554E11    0.6956740251333728       3.4421254042936554E11    5464.767168792196
8.719532554257096E-4     3.438171210836684E11     0.710235770789033        3.438171210836684E11     3741.3901815797717
8.729549248747913E-4     3.4342260918340027E11    0.738233124797265        3.4342260918340027E11    2860.643361124344
8.739565943238733E-4     3.430290016084049E11     0.7576973128934605       3.430290016084049E11     2363.0057910573037
8.74958263772955E-4      3.4263629525281433E11    0.7711174713709278       3.4263629525281433E11    2049.3553376159753
8.759599332220367E-4     3.422444870249666E11     0.7808283868325258       3.422444870249666E11     1835.2818338596385
8.769616026711186E-4     3.4185357384732526E11    0.7881918446556789       3.4185357384732526E11    1680.4782736782163
8.779632721202003E-4     3.4146355265639856E11    0.7939966526294112       3.4146355265639856E11    1563.5830922832076
8.789649415692823E-4     3.4107442040265906E11    0.7987194961934082       3.4107442040265906E11    1472.3096165424922
8.79966611018364E-4      3.4068617405046484E11    0.8026620877449823       3.4068617405046484E11    1399.121785517189
8.809682804674459E-4     3.4029881057797986E11    0.8060235614977669       3.4029881057797986E11    1339.1539749372603
8.819699499165276E-4     3.399123269770963E11     0.8089402121313417       3.399123269770963E11     1289.130788572703
8.829716193656093E-4     3.39526720253356E11      0.8115082861008461       3.39526720253356E11      1246.769781084371
8.839732888146913E-4     3.391419874258734E11     0.8137976052819104       3.391419874258734E11     1210.433541913392
8.84974958263773E-4      3.3875812552725903E11    0.8158600194404356       3.3875812552725903E11    1178.9179545932086
8.859766277128549E-4     3.383751316035425E11     0.8177348263902032       3.383751316035425E11     1151.3184335460007
8.869782971619366E-4     3.379930027140975E11     0.8194523506536272       3.379930027140975E11     1126.9426634274384
8.879799666110183E-4     3.376117359315661E11     0.8210363681956713       3.376117359315661E11     1105.252062130284
8.889816360601003E-4     3.37231328341784E11      0.8225057875461103       3.37231328341784E11      1085.8215382986666
8.89983305509182E-4      3.368517770437066E11     0.8238758395635147       3.368517770437066E11     1068.3112197276303
8.909849749582639E-4     3.364730791493348E11     0.8251589351317014       3.364730791493348E11     1052.446204646178
8.919866444073456E-4     3.3609523178364215E11    0.8263652938426566       3.3609523178364215E11    1038.0018061261724
8.929883138564276E-4     3.357182320845017E11     0.8275034118102792       3.357182320845017E11     1024.7926304723367
8.939899833055093E-4     3.353420772026144E11     0.8285804145834522       3.353420772026144E11     1012.6643783963291
8.94991652754591E-4      3.3496676430143634E11    0.8296023267319915       3.3496676430143634E11    1001.4876105305572
8.959933222036729E-4     3.345922905571082E11     0.8305742801574879       3.345922905571082E11     991.1529505937058
8.969949916527546E-4     3.3421865315838446E11    0.8315006767638029       3.3421865315838446E11    981.5673546629175
8.979966611018365E-4     3.338458493065625E11     0.8323853167308382       3.338458493065625E11     972.6511806363193
8.989983305509183E-4     3.3347387621541315E11    0.8332315005804823       3.3347387621541315E11    964.3358650295356
9.0E-4                   3.331027311111111E11     0.8340421110730284       3.331027311111111E11     956.5620654975967
