% Model:              环形光栅_有结构_散射.mph
% Version:            COMSOL 5.3.1.180
% Date:               Sep 4 2018, 21:36
% Table:              Accumulated Probe Table 2 - 
% lambda (m)             freq                     emw.S11*conj(emw.S11) (1), Boundary Probe 1Electric field norm (V/m), Domain Probe 1
3.0E-4                   9.993081933333334E11     0.6725384479015442       43143.823784572895
3.010016694490818E-4     9.959827084969496E11     0.6919534428178603       42965.4544063019
3.0200333889816356E-4    9.926792832614706E11     0.7245164133659048       23986.26081412968
3.030050083472454E-4     9.893976988539946E11     0.7404205289396962       10161.901522366677
3.040066777963272E-4     9.861377393849534E11     0.7205077129105314       10101.791505428244
3.0500834724540897E-4    9.828991918007665E11     0.7222048040376436       13495.363790642346
3.060100166944908E-4     9.79681845837425E11      0.7328129680650777       17914.29321343506
3.070116861435726E-4     9.764854939749863E11     0.7315019527886649       42317.577676048735
3.080133555926544E-4     9.733099313929541E11     0.7572371121158015       50748.92923146204
3.090150250417362E-4     9.701549559265262E11     0.7819361961962875       50383.35768338291
3.10016694490818E-4      9.670203680236942E11     0.8021412072423539       42377.70672843406
3.110183639398998E-4     9.639059707031671E11     0.8068456351230548       36216.834220610304
3.120200333889816E-4     9.608115695131086E11     0.8008780959894908       18733.535522902577
3.1302170283806343E-4    9.577369724906666E11     0.7765180295293742       15485.71522802268
3.140233722871452E-4     9.546819901222755E11     0.7792122241508396       28143.8206750418
3.15025041736227E-4      9.516464353047166E11     0.7966298456725217       41042.61596906714
3.1602671118530884E-4    9.486301233069203E11     0.7972479132994663       51217.5499186816
3.170283806343906E-4     9.456328717324908E11     0.7985624118225022       57612.54217978106
3.1803005008347243E-4    9.426545004829397E11     0.8034741352861853       53925.20792878341
3.1903171953255425E-4    9.396948317216117E11     0.7993056540360576       49543.11121140445
3.20033388981636E-4      9.367536898382891E11     0.7883789389795286       42203.13042924523
3.2103505843071784E-4    9.338309014144565E11     0.7732584946639587       41842.74218212215
3.2203672787979966E-4    9.309262951892172E11     0.759754986315599        35139.39882286349
3.2303839732888143E-4    9.2803970202584E11       0.7440198409660199       32517.882852619077
3.2404006677796325E-4    9.251709548789285E11     0.7313918570948712       26574.737126315937
3.250417362270451E-4     9.223198887621982E11     0.7207836907606731       20261.229446053887
3.2604340567612684E-4    9.19486340716846E11      0.7152969865080502       20112.828728151806
3.2704507512520866E-4    9.166701497805004E11     0.7089004390041211       17932.919077050974
3.280467445742905E-4     9.138711569567429E11     0.7116008446429605       21507.806294621485
3.2904841402337225E-4    9.110892051851853E11     0.7107856101941775       19795.590536872594
3.300500834724541E-4     9.083241393120891E11     0.707847102352189        18270.269469577368
3.310517529215359E-4     9.05575806061523E11      0.6937578044239874       25121.609603525147
3.3205342237061766E-4    9.028440540070388E11     0.6970185894555277       22360.56540110057
3.330550918196995E-4     9.001287335438597E11     0.6983770477953929       27616.060560457332
3.340567612687813E-4     8.974296968615692E11     0.6920470295725529       40175.23909710088
3.3505843071786307E-4    8.947467979172896E11     0.6745246445781719       41009.76004990369
3.360601001669449E-4     8.920798924093394E11     0.6598432532032725       51480.62607639415
3.370617696160267E-4     8.894288377513619E11     0.6344662560770339       47203.796531100495
3.380634390651085E-4     8.867934930469137E11     0.6100769702345757       35069.003551903166
3.390651085141903E-4     8.841737190645002E11     0.5833940195379247       25770.44174418088
3.400667779632721E-4     8.815693782130585E11     0.539813056570309        58058.43925803783
3.410684474123539E-4     8.78980334517866E11      0.5184587566993438       89841.41769669596
3.420701168614357E-4     8.764064535968766E11     0.49572763162650385      96905.09120544394
3.430717863105175E-4     8.738476026374697E11     0.43576138425296396      110593.04986547439
3.440734557595993E-4     8.713036503736051E11     0.3542725514826599       125408.85428582036
3.450751252086811E-4     8.687744670633768E11     0.2639129697342822       138760.76946102487
3.4607679465776294E-4    8.66259924466956E11      0.17917292940436438      151944.80844638037
3.470784641068447E-4     8.637598958249159E11     0.12841850556148346      157595.4836375818
3.4808013355592653E-4    8.612742558369305E11     0.10859477289883256      154637.98161599578
3.490818030050083E-4     8.588028806408418E11     0.11415479696942178      159425.38060219612
3.500834724540901E-4     8.56345647792084E11      0.1800040211467253       157231.3933847941
3.5108514190317194E-4    8.539024362434618E11     0.24977219492226174      143933.2499716659
3.5208681135225376E-4    8.514731263252727E11     0.3371799892650732       140455.892916272
3.5308848080133553E-4    8.490575997257683E11     0.4675216144813167       134211.563395313
3.5409015025041735E-4    8.466557394719471E11     0.4496748754056473       94950.61438396345
3.550918196994991E-4     8.442674299106725E11     0.33274803255268914      273703.96643765154
3.5609348914858094E-4    8.418925566901079E11     0.4114891363618936       281779.82133002917
3.5709515859766276E-4    8.39531006741468E11      0.3606170259642969       271356.7974546306
3.580968280467446E-4     8.371826682610723E11     0.2749324037970975       256065.1718582261
3.5909849749582635E-4    8.34847430692701E11      0.22043706183171835      238104.6809331665
3.6010016694490817E-4    8.325251847102457E11     0.2360844221127874       218601.12985337374
3.6110183639398994E-4    8.302158222006473E11     0.30688078218385184      204475.369735571
3.6210350584307176E-4    8.279192362471185E11     0.4420380510826814       181193.808412833
3.631051752921536E-4     8.256353211126437E11     0.566211452536836        143095.59341669246
3.641068447412354E-4     8.233639722237505E11     0.6324922994144964       114386.96082712912
3.6510851419031717E-4    8.211050861545496E11     0.6931252580370333       100117.22649282146
3.66110183639399E-4      8.188585606110352E11     0.7472280542254757       89985.26137195755
3.6711185308848076E-4    8.166242944156436E11     0.7856256210848992       84861.80872937392
3.681135225375626E-4     8.144021874920636E11     0.7808448329399303       78308.04678518511
3.691151919866444E-4     8.121921408502941E11     0.39098533662135204      48903.092979927314
3.701168614357262E-4     8.099940565719441E11     0.5235408960218499       57665.65779471056
3.71118530884808E-4      8.078078377957715E11     0.5956611520537061       81391.45165630004
3.721202003338898E-4     8.056333887034545E11     0.603030450924235        107836.68834209909
3.731218697829716E-4     8.034706145055929E11     0.5428002410273002       140641.3248763133
3.741235392320534E-4     8.01319421427934E11      0.4923396038094957       117838.77831469817
3.751252086811352E-4     7.991797166978192E11     0.48854574433600667      115220.66358160997
3.7612687813021704E-4    7.970514085308477E11     0.5322969192806487       106217.87842005731
3.771285475792988E-4     7.949344061177512E11     0.6103323257718044       79394.96889273137
3.7813021702838063E-4    7.928286196114791E11     0.6606989089157497       72518.80124656307
3.791318864774624E-4     7.90733960114487E11      0.7217743930139227       61344.26628691156
3.801335559265442E-4     7.886503396662275E11     0.7545280930545464       49196.96074063465
3.8113522537562604E-4    7.865776712308367E11     0.7652156911370782       34691.1617621493
3.8213689482470786E-4    7.845158686850153E11     0.5115237130568606       36629.97031828212
3.8313856427378963E-4    7.824648468061002E11     0.6245097109601964       77489.4429514194
3.8414023372287145E-4    7.804245212603215E11     0.7063433572346046       90303.95076205875
3.851419031719532E-4     7.78394808591244E11      0.7287292353179992       90819.99054571899
3.8614357262103504E-4    7.763756262083875E11     0.7231089157082321       85019.01895880963
3.8714524207011686E-4    7.743668923760242E11     0.7267723870711551       83030.03852430299
3.881469115191987E-4     7.723685262021504E11     0.7217916829429547       82682.25425276687
3.8914858096828045E-4    7.703804476276277E11     0.7034985354112346       82362.97242984023
3.9015025041736227E-4    7.6840257741549E11       0.6792153708872707       80105.8440026864
3.9115191986644404E-4    7.664348371404183E11     0.663524504206811        73662.75199987105
3.9215358931552586E-4    7.644771491783738E11     0.6517257909629646       68366.72946804439
3.931552587646077E-4     7.625294366963906E11     0.6424881082288744       65248.74390169664
3.941569282136895E-4     7.605916236425243E11     0.6426487910678381       59578.70822436196
3.9515859766277127E-4    7.586636347359528E11     0.647599340343922        53208.07805602098
3.961602671118531E-4     7.567453954572272E11     0.6537330330717834       47188.792548155034
3.9716193656093486E-4    7.548368320386718E11     0.6610315180876938       40219.79771346521
3.981636060100167E-4     7.529378714549268E11     0.6684953981079796       35065.08963030317
3.991652754590985E-4     7.510484414136344E11     0.6745724716280935       31074.339024774257
4.001669449081803E-4     7.491684703462661E11     0.6810568397724319       27008.480326374112
4.011686143572621E-4     7.472978873990845E11     0.6835082548234473       18234.294404608612
4.021702838063439E-4     7.454366224242424E11     0.6849898406826761       10380.385279028444
4.031719532554257E-4     7.435846059710145E11     0.6879523707273546       7870.6312825700015
4.041736227045075E-4     7.417417692771582E11     0.6910335751508928       9975.154799062628
4.051752921535893E-4     7.399080442604038E11     0.6944631425107736       15660.654377269619
4.0617696160267114E-4    7.380833635100698E11     0.6997946777861626       21466.305589286254
4.071786310517529E-4     7.362676602788029E11     0.7044229312101004       19973.26019386274
4.0818030050083473E-4    7.344608684744376E11     0.7056588612801237       15616.981042299027
4.091819699499165E-4     7.326629226519789E11     0.7074902217310519       13599.781109029185
4.101836393989983E-4     7.30873758005698E11      0.708615195431765        11984.356324074517
4.1118530884808014E-4    7.290933103613479E11     0.7087903886951871       12405.518527397153
4.1218697829716196E-4    7.273215161684891E11     0.7109035299274258       13371.184658712435
4.1318864774624373E-4    7.255583124929293E11     0.7115482185768716       11246.418199807722
4.1419031719532555E-4    7.238036370092705E11     0.7097960786406532       8538.55471172185
4.151919866444073E-4     7.220574279935665E11     0.7094162008879762       9470.321049422231
4.1619365609348914E-4    7.203196243160851E11     0.7103871478646654       10323.793053620608
4.1719532554257096E-4    7.185901654341736E11     0.7089557469463228       8874.509516694367
4.1819699499165273E-4    7.168689913852296E11     0.706513413094661        7377.611936645608
4.1919866444073455E-4    7.151560427797689E11     0.7044583074331304       7060.721159069204
4.2020033388981637E-4    7.134512607945967E11     0.7019017318033153       7810.788794171517
4.2120200333889814E-4    7.117545871660721E11     0.6987497250591681       8840.355834532813
4.2220367278797996E-4    7.100659641834717E11     0.6947925067781247       8872.919613320204
4.232053422370618E-4     7.083853346824458E11     0.6899658409678806       9662.29395167144
4.242070116861436E-4     7.067126420385675E11     0.6845672117318157       11966.038281725017
4.2520868113522537E-4    7.050478301609738E11     0.678561754601388        14675.793494816093
4.2621035058430714E-4    7.033908434860948E11     0.6714098243826409       17717.5359170488
4.2721202003338896E-4    7.017416269714733E11     0.6631293161675306       22962.577662447573
4.282136894824708E-4     7.001001260896686E11     0.6553205212691876       26254.12326875823
4.292153589315526E-4     6.98466286822248E11      0.6487069999926162       19632.856611711577
4.302170283806344E-4     6.968400556538611E11     0.638822697224717        12761.75006773617
4.312186978297162E-4     6.952213795663956E11     0.6256424803483157       13807.380627503722
4.3222036727879796E-4    6.936102060332175E11     0.609769544693218        17759.09584599319
4.332220367278798E-4     6.920064830134875E11     0.5909769687055377       22400.10425048672
4.342237061769616E-4     6.904101589465591E11     0.5696885926435874       28695.524926788148
4.352253756260434E-4     6.888211827464518E11     0.5447966467641426       40642.208015078264
4.3622704507512524E-4    6.872395037964025E11     0.5283175727193469       49536.276728206874
4.37228714524207E-4      6.856650719434899E11     0.5220342314989235       39590.56404744868
4.382303839732888E-4     6.840978374933334E11     0.4994942481958671       32725.191506008625
4.392320534223706E-4     6.825377512048651E11     0.46899142226009954      44825.10256265504
4.402337228714524E-4     6.809847642851726E11     0.4552308574455929       53694.22037889752
4.4123539232053424E-4    6.794388283844116E11     0.43447479328749394      45474.38429841884
4.4223706176961606E-4    6.77899895590789E11      0.40279777326688543      43014.73830566438
4.4323873121869783E-4    6.76367918425612E11      0.3747897187383326       49876.67700253583
4.442404006677796E-4     6.748428498384066E11     0.34103676021275237      46091.83783724204
4.452420701168614E-4     6.733246432020997E11     0.2988152374788044       39770.228066158794
4.4624373956594324E-4    6.718132523082678E11     0.25565319578299095      39122.12333026065
4.4724540901502506E-4    6.703086313624486E11     0.21213558110761344      35821.72004950599
4.482470784641069E-4     6.688107349795159E11     0.16799669606022244      23259.8078493692
4.4924874791318865E-4    6.673195181791156E11     0.11714018917426523      14817.148241271148
4.502504173622704E-4     6.658349363811643E11     0.059044344478855836     39018.64290734287
4.5125208681135224E-4    6.643569454014059E11     0.02980108750787213      62139.26020958916
4.5225375626043406E-4    6.628855014470284E11     0.05782774800281186      90368.79007790575
4.532554257095159E-4     6.614205611123389E11     0.13658760580046814      117014.06314172974
4.542570951585977E-4     6.599620813744946E11     0.18132725075948575      128525.8480262838
4.5525876460767947E-4    6.585100195892922E11     0.16287696541919378      130541.555078032
4.5626043405676124E-4    6.570643334870107E11     0.10647169899135117      133697.91441835172
4.5726210350584306E-4    6.556249811683096E11     0.044042019438056315     136597.15613163763
4.582637729549249E-4     6.541919211001823E11     0.03870466681779619      129957.70388051067
4.592654424040067E-4     6.527651121119592E11     0.098273922143264        114930.52101604192
4.6026711185308847E-4    6.513445133913674E11     0.17470126739042482      98235.5294798656
4.612687813021703E-4     6.49930084480637E11      0.23223461225778005      84814.04243294142
4.6227045075125206E-4    6.485217852726617E11     0.24643447179655115      82300.28572459276
4.632721202003339E-4     6.471195760072073E11     0.22539614578165668      83693.1954258831
4.642737896494157E-4     6.457234172671702E11     0.2150851228425144       86716.52454927476
4.652754590984975E-4     6.443332699748834E11     0.2459171495131377       88913.9007758945
4.662771285475793E-4     6.429490953884713E11     0.28399380632950105      87654.92079245216
4.672787979966611E-4     6.415708550982493E11     0.29976920274802493      84269.90984477807
4.682804674457429E-4     6.40198511023173E11      0.3081459431450628       80434.25468734093
4.692821368948247E-4     6.388320254073284E11     0.3341250387430719       77131.485306671
4.702838063439065E-4     6.374713608164713E11     0.37296724906286305      74535.51278309981
4.7128547579298834E-4    6.361164801346085E11     0.4084685843864048       71749.67960291615
4.722871452420701E-4     6.347673465606221E11     0.4370933798885232       67029.74587410864
4.7328881469115193E-4    6.334239236049382E11     0.46699054691669073      58375.38440886345
4.742904841402337E-4     6.320861750862372E11     0.5050603360906518       44950.99686235702
4.752921535893155E-4     6.307540651282051E11     0.4691616031403753       9732.70584763007
4.7629382303839734E-4    6.294275581563267E11     0.4077168246360137       74287.13190101353
4.7729549248747916E-4    6.281066188947184E11     0.5433697764801749       67230.51511810369
4.782971619365609E-4     6.267912123630017E11     0.5915144269029273       64212.685829481845
4.7929883138564275E-4    6.254813038732148E11     0.6193266729419005       63675.126434191814
4.803005008347245E-4     6.24176859026764E11      0.6357057950461101       64376.01526557963
4.8130217028380634E-4    6.228778437114116E11     0.6434252381928915       65524.59174049311
4.8230383973288816E-4    6.21584224098304E11      0.6447418144228559       66947.16139735802
4.8330550918197E-4       6.202959666390327E11     0.6412689756938337       69167.73158658788
4.8430717863105175E-4    6.19013038062737E11      0.6322254420097254       73055.86284681912
4.8530884808013357E-4    6.177354053732369E11     0.6135577284607425       79059.52315175754
4.8631051752921534E-4    6.164630358462068E11     0.5790985787267809       86959.8309094179
4.8731218697829716E-4    6.151958970263789E11     0.5232463497444596       95498.67799720773
4.88313856427379E-4      6.139339567247863E11     0.4588242311617077       97002.21648273472
4.893155258764608E-4     6.126771830160354E11     0.45156232951160696      80976.85267848003
4.903171953255425E-4     6.114255442356146E11     0.5253394477953585       84823.1650616362
4.913188647746244E-4     6.10179008977234E11      0.5676818299127195       84204.49128009248
4.923205342237062E-4     6.089375460902001E11     0.6166721631228649       71530.15816282573
4.93322203672788E-4      6.07701124676819E11      0.6910287015750074       52062.81385318304
4.943238731218698E-4     6.064697140898345E11     0.7470533263274123       47557.254732826164
4.953255425709516E-4     6.052432839298955E11     0.77570704070167         43871.69458683193
4.963272120200334E-4     6.040218040430541E11     0.7974501443807529       40683.79873833141
4.973288814691152E-4     6.028052445182948E11     0.8170946235978686       36675.00696783236
4.98330550918197E-4      6.015935756850922E11     0.8329122699830918       32615.59253430045
4.993322203672788E-4     6.003867681109996E11     0.8267578463664216       41490.52792799837
5.003338898163606E-4     5.99184792599266E11      0.6649465161467756       95533.41490376847
5.013355592654424E-4     5.979876201864801E11     0.3355250829234219       143410.0635632148
5.023372287145242E-4     5.96795222140246E11      0.5812147749622801       98030.5978883094
5.033388981636061E-4     5.956075699568821E11     0.6871120415886551       74073.01159266353
5.043405676126878E-4     5.944246353591526E11     0.7281310739172077       62212.111405876516
5.053422370617696E-4     5.932463902940205E11     0.7428416237672487       54894.721466052346
5.063439065108514E-4     5.920728069304319E11     0.7377179562588742       49382.9695797017
5.073455759599333E-4     5.90903857657124E11      0.7037149577384426       45020.95998279044
5.083472454090151E-4     5.897395150804597E11     0.6218897087277161       43617.99588829953
5.093489148580968E-4     5.885797520222878E11     0.5311805858867845       47590.44394591163
5.103505843071786E-4     5.87424541517828E11      0.529977279922444        50327.816944879945
5.113522537562604E-4     5.862738568135814E11     0.5599294505462573       48942.09086591485
5.123539232053423E-4     5.851276713652655E11     0.5699395939051791       46257.12208322573
5.133555926544241E-4     5.839859588357723E11     0.5631803209992515       43771.41080749946
5.143572621035058E-4     5.828486930931516E11     0.5546947800157827       42045.213811560054
5.153589315525877E-4     5.817158482086167E11     0.5587453657563956       41236.89563146438
5.163606010016694E-4     5.805873984545748E11     0.5795290184268468       41126.66104908241
5.173622704507513E-4     5.794633183026783E11     0.609186909988722        41218.23060756976
5.183639398998331E-4     5.783435824219001E11     0.6364535945132328       41035.07120519749
5.193656093489149E-4     5.772281656766312E11     0.6542704010265337       40318.34438824125
5.203672787979967E-4     5.761170431247994E11     0.6605918046179379       39045.1884039108
5.213689482470784E-4     5.750101900160103E11     0.6558762985386383       37382.516617617526
5.223706176961603E-4     5.739075817897092E11     0.6408873951775051       35616.82137411314
5.233722871452421E-4     5.728091940733652E11     0.6160332097015347       34033.64109128364
5.243739565943239E-4     5.717150026806749E11     0.5819997368476372       32783.53207081021
5.253756260434057E-4     5.706249836097871E11     0.5406733162052393       31839.39233724368
5.263772954924874E-4     5.695391130415479E11     0.4954381252613939       31076.241188562948
5.273789649415693E-4     5.684573673377651E11     0.45067753087548384      30389.966101828228
5.283806343906511E-4     5.673797230394945E11     0.4108005715508944       29768.539005557606
5.293823038397329E-4     5.663061568653422E11     0.3792078150955186       29293.892823092705
5.303839732888147E-4     5.652366457097891E11     0.35765375038324154      29102.439643671198
5.313856427378965E-4     5.641711666415331E11     0.34623863765435         29321.672374587757
5.323873121869784E-4     5.631096969018501E11     0.34378748258001257      29957.676078558536
5.333889816360601E-4     5.620522139029734E11     0.348354481207777        30807.011828224873
5.343906510851419E-4     5.609986952264918E11     0.3578542318642297       31590.885824536264
5.353923205342237E-4     5.599491186217649E11     0.3705316616173787       32224.306408864428
5.363939899833055E-4     5.589034620043573E11     0.3849186673854337       32766.61537091453
5.373956594323874E-4     5.578617034544889E11     0.3997772677385171       32853.92358765101
5.383973288814691E-4     5.568238212155039E11     0.4145036612718559       31779.982401281315
5.393989983305509E-4     5.557897936923553E11     0.42901254784463533      29948.434528616628
5.404006677796327E-4     5.547595994501082E11     0.4429809102455556       28552.135133575906
5.414023372287145E-4     5.537332172124575E11     0.45598086264772963      27635.267906356086
5.424040066777964E-4     5.527106258602646E11     0.4681319128227216       25527.145825921576
5.434056761268782E-4     5.516918044301074E11     0.4795759450245494       22199.95382301294
5.4440734557596E-4       5.506767321128488E11     0.4900108691521786       19586.381206202797
5.454090150250417E-4     5.496653882522192E11     0.49924959090306675      18736.843524160773
5.464106844741235E-4     5.4865775234341583E11    0.5074533338724081       18383.116851357474
5.474123539232054E-4     5.47653804031717E11      0.51512234231423         15944.284864136669
5.484140233722872E-4     5.466535231111111E11     0.5219238970647943       13536.986096986177
5.49415692821369E-4      5.4565688952294135E11    0.5278726581295121       11937.121939165789
5.504173622704507E-4     5.446638833545648E11     0.5331432016452462       10926.114860352942
5.514190317195326E-4     5.4367448483802594E11    0.5378414028449067       10247.293038875698
5.524207011686144E-4     5.426886743487458E11     0.5419904968030537       9666.435183964963
5.534223706176962E-4     5.417064324042232E11     0.5455577517163739       9052.378578908289
5.54424040066778E-4      5.4072773966275214E11    0.5485692066263715       8481.275839312002
5.554257095158597E-4     5.397525769221521E11     0.5511422059059786       8091.58324489663
5.564273789649416E-4     5.387809251185118E11     0.5533781423698839       7902.950538997241
5.574290484140234E-4     5.3781276532494763E11    0.5553180175780035       7843.224604005507
5.584307178631052E-4     5.3684807875037366E11    0.5569518190145601       7811.39422052089
5.59432387312187E-4      5.3588684673828705E11    0.5582262230320797       7719.171599474996
5.604340567612688E-4     5.3492905076556445E11    0.559104138827241        7567.5623665454705
5.614357262103506E-4     5.3397467244127264E11    0.5596359670254712       7451.175828379544
5.624373956594324E-4     5.330236935054913E11     0.5599063417521312       7438.661821042986
5.634390651085143E-4     5.320760958281481E11     0.5599639506492295       7527.446373855355
5.64440734557596E-4      5.311318614078675E11     0.5598201977044386       7677.836438405427
5.654424040066778E-4     5.301909723708296E11     0.5594599735257585       7835.0487381834355
5.664440734557596E-4     5.292534109696434E11     0.5588539575300611       7952.488034779004
5.674457429048413E-4     5.2831915958223016E11    0.5579930293261532       8031.245151790167
5.684474123539233E-4     5.273882007107195E11     0.5569048395526429       8113.809771046044
5.69449081803005E-4      5.264605169803577E11     0.5556212125774753       8227.631190492019
5.704507512520868E-4     5.255360911384255E11     0.5541476325206446       8355.57239996014
5.714524207011686E-4     5.2461490605316974E11    0.5524584951846028       8442.987935053192
5.724540901502505E-4     5.236969447127442E11     0.5505119791027817       8426.93828017808
5.734557595993323E-4     5.2278219022416296E11    0.5482840315515929       8286.950477121109
5.74457429048414E-4      5.218706258122639E11     0.5457965930643104       8084.737913321377
5.754590984974959E-4     5.2096223481868286E11    0.5431113301278303       7954.068934566871
5.764607679465776E-4     5.2005700070083984E11    0.5403057003456095       8048.788734434032
5.774624373956595E-4     5.191549070309338E11     0.5374570339973981       8467.578593552236
5.784641068447413E-4     5.1825593749494946E11    0.5346206463145096       9165.342072071899
5.79465776293823E-4      5.173600758916739E11     0.531765581665306        9905.39142752727
5.804674457429049E-4     5.1646730613172266E11    0.5287282364039896       10402.710676515595
5.814691151919866E-4     5.155776122365777E11     0.5253639337629522       10635.373744036153
5.824707846410685E-4     5.146909783376325E11     0.5217005648148744       10828.816061458667
5.834724540901503E-4     5.138073886752503E11     0.5178407347340569       11166.487618489482
5.844741235392321E-4     5.1292682759782916E11    0.51386577566612         11703.146960209506
5.854757929883139E-4     5.1204927956087823E11    0.5098103353433849       12396.082415158073
5.864774624373956E-4     5.11174729126103E11      0.5056318259179945       13135.676001596803
5.874791318864776E-4     5.1030316096050006E11    0.5012205008593265       13811.391291861539
5.884808013355593E-4     5.09434559835461E11      0.4964814046346145       14389.650703842255
5.894824707846411E-4     5.08568910625885E11      0.49140639798609287      14951.610293828384
5.904841402337229E-4     5.0770619830930164E11    0.4860993308632625       15659.901401585996
5.914858096828046E-4     5.0684640796500146E11    0.4807212915468881       16623.84627410076
5.924874791318866E-4     5.059895247731755E11     0.47532481135166493      17780.67940594033
5.934891485809683E-4     5.0513553401406476E11    0.469743515190972        18955.041742793735
5.944908180300501E-4     5.04284421067116E11      0.46371264922181443      20026.60297526659
5.954924874791319E-4     5.0343617141014856E11    0.45710282382647915      21017.201588135777
5.964941569282137E-4     5.025907706185278E11     0.45001709523513667      22063.352961514913
5.974958263772956E-4     5.0174820436434753E11    0.44270147687028155      23327.776594399664
5.984974958263773E-4     5.0090845841562067E11    0.43534372348790734      24863.712650175104
5.994991652754592E-4     5.0007151863547754E11    0.42786945561783063      26551.436438712928
6.005008347245409E-4     4.9923737098137335E11    0.419966982044672        28218.799153458276
6.015025041736227E-4     4.9840600150430194E11    0.4113651449765363       29786.782068556273
6.025041736227046E-4     4.975773963480188E11     0.4020707601522271       31286.928907407695
6.035058430717863E-4     4.967515417482711E11     0.39235460349385204      32795.66637295475
6.045075125208682E-4     4.9592842403203534E11    0.38249257546515925      34361.345441779915
6.055091819699499E-4     4.951080296167632E11     0.3724405897121897       35970.911909370654
6.065108514190317E-4     4.942903450096339E11     0.3617968747758757       37590.0326310993
6.075125208681136E-4     4.93475356806815E11      0.350194555059588        39213.6756107396
6.085141903171954E-4     4.9266305169272974E11    0.3377229601170035       40851.61423568292
6.095158597662772E-4     4.9185341643933167E11    0.32498568444011616      42515.80677149627
6.105175292153589E-4     4.9104643790538696E11    0.3128066837675963       44267.514552071145
6.115191986644408E-4     4.9024210303576294E11    0.3016059224760722       46226.580028509925
6.125208681135226E-4     4.89440398860725E11      0.29072786585326177      48487.5133525084
6.135225375626044E-4     4.886413124952381E11     0.27884455494424853      51065.19003628477
6.145242070116862E-4     4.8784483113827765E11    0.26542113576562937      53857.28778083615
6.155258764607679E-4     4.870509420721454E11     0.2514082583192708       56560.93649950191
6.165275459098498E-4     4.8625963266179254E11    0.23859553385875903      58723.139018576105
6.175292153589316E-4     4.854708903541498E11     0.2285168803894589       60036.42408132148
6.185308848080134E-4     4.846847026774629E11     0.22152355974630883      60759.85697376062
6.195325542570952E-4     4.839010572406359E11     0.21630810013197302      61878.22283145659
6.205342237061769E-4     4.831199417325801E11     0.21061329692506828      64342.40310159754
6.215358931552588E-4     4.8234134392156854E11    0.20362611072347922      67908.13919812706
6.225375626043405E-4     4.815652516545991E11     0.19735867857621994      71480.18631884469
6.235392320534224E-4     4.807916528567604E11     0.19467301437835885      74246.72539363668
6.245409015025042E-4     4.8002053553060675E11    0.19682894812868293      75976.8374308505
6.25542570951586E-4      4.792518877555377E11     0.20304674374791462      76859.63732568447
6.265442404006678E-4     4.784856976871836E11     0.21162147223188982      77347.69791023241
6.275459098497495E-4     4.77721953556797E11      0.22120951703262298      78010.91296271658
6.285475792988315E-4     4.769606436706507E11     0.23136918394222455      79373.32232683881
6.295492487479132E-4     4.762017564094404E11     0.2425191349443505       81642.97004679272
6.30550918196995E-4      4.75445280227694E11      0.25577347194386146      84352.89686481096
6.315525876460768E-4     4.7469120365318524E11    0.27207521398883083      86588.62663730464
6.325542570951585E-4     4.739395152863553E11     0.2910986535019259       87896.2195900788
6.335559265442405E-4     4.7319020379973645E11    0.3121245616924664       88463.04551617357
6.345575959933222E-4     4.7244325793738495E11    0.3359832963986497       88430.89216885176
6.35559265442404E-4      4.7169866651431573E11    0.36564392159681713      87100.65721129237
6.365609348914858E-4     4.709564184159455E11     0.40308554156490556      82044.5096929197
6.375626043405677E-4     4.7021650259753864E11    0.4367412921003883       68596.50992739585
6.385642737896495E-4     4.694789080836601E11     0.41755558882089167      49025.24272553253
6.395659432387312E-4     4.6874362396763245E11    0.2979308662082559       74955.9523023584
6.405676126878131E-4     4.680106394109981E11     0.19591438073379966      133878.5211529117
6.415692821368948E-4     4.6727994364298724E11    0.22977384767543865      176560.01903876752
6.425709515859767E-4     4.6655152595998956E11    0.34124184507164024      199002.21844962199
6.435726210350585E-4     4.658253757250324E11     0.4537611717717697       206636.95925177162
6.445742904841402E-4     4.651014823672624E11     0.524622163936555        202612.35180985587
6.455759599332221E-4     4.6437983538143256E11    0.5364460937911832       189325.25820403136
6.465776293823038E-4     4.6366042432739484E11    0.4977306819997284       171571.75922111855
6.475792988313856E-4     4.629432388295952E11     0.4389284278781598       157235.00980274501
6.485809682804675E-4     4.622282685765766E11     0.390221955553529        152530.6880769825
6.495826377295493E-4     4.6151550332048315E11    0.3613525873389833       156602.7380832571
6.505843071786311E-4     4.6080493287657166E11    0.34456511524556904      164226.99459384955
6.515859766277128E-4     4.600965471227261E11     0.32880528992074654      171433.66247575576
6.525876460767948E-4     4.593903359989767E11     0.3077553510814386       176788.948042814
6.535893155258765E-4     4.586862895070243E11     0.2801240147870221       180251.93478748898
6.545909849749583E-4     4.579843977097679E11     0.24738374232525837      182156.3602431978
6.555926544240401E-4     4.5728465073083777E11    0.21198246799230028      182778.42420596248
6.565943238731218E-4     4.565870387541317E11     0.17648503169075486      182281.98535438022
6.575959933222038E-4     4.558915520233561E11     0.14323207119354556      180799.02652715967
6.585976627712855E-4     4.5519818084157166E11    0.11418378704798088      178481.0011648079
6.595993322203673E-4     4.545069155707416E11     0.09088952597950323      175483.21767451186
6.606010016694491E-4     4.538177466312863E11     0.07455909311034094      171937.94607871168
6.616026711185309E-4     4.5313066450164014E11    0.06609684299962464      167966.77581824857
6.626043405676128E-4     4.52445659717813E11      0.06598966174396419      163723.17333602242
6.636060100166945E-4     4.51762722872956E11      0.07413425478808193      159413.33762975197
6.646076794657764E-4     4.5108184461693036E11    0.08982360405624115      155255.50605049185
6.656093489148581E-4     4.504030156558816E11     0.11199750779869744      151397.87739721537
6.666110183639399E-4     4.497262267518157E11     0.13959696654300024      147861.09439936595
6.676126878130218E-4     4.4905146872218054E11    0.17176540318083888      144548.2505720268
6.686143572621035E-4     4.4837873243945074E11    0.2078053851191435       141307.3556454392
6.696160267111854E-4     4.4770800883071545E11    0.24699592132633477      138004.83259876896
6.706176961602671E-4     4.470392888772716E11     0.2884284326183156       134580.80793462665
6.716193656093489E-4     4.463725636142182E11     0.33097062692142937      131073.74047900765
6.726210350584308E-4     4.4570782413005707E11    0.37339718717393433      127606.51309886426
6.736227045075126E-4     4.450450615662949E11     0.41464101338454584      124330.74252973025
6.746243739565944E-4     4.4438426711705023E11    0.454022682631423        121348.05966238597
6.756260434056761E-4     4.437254320286632E11     0.4912974748310233       118654.11303871332
6.76627712854758E-4      4.430685475993091E11     0.5264918590329025       116142.66585912551
6.776293823038397E-4     4.424136051786154E11     0.5596689060314503       113659.24599348183
6.786310517529216E-4     4.417605961672817E11     0.5907813514437243       111060.4824027453
6.796327212020034E-4     4.411095120167035E11     0.6196564204409074       108248.34623673135
6.806343906510851E-4     4.404603442285995E11     0.6460606251938916       105178.76093676257
6.81636060100167E-4      4.398130843546412E11     0.6697814262749319       101858.01899066631
6.826377295492487E-4     4.3916772399608704E11    0.6906926617550868       98336.28391388964
6.836393989983306E-4     4.3852425480341876E11    0.7087921076560015       94698.00535962648
6.846410684474124E-4     4.3788266847598145E11    0.724203559716223        91044.59524267806
6.856427378964942E-4     4.3724295676162646E11    0.7371407329794694       87469.65039957417
6.86644407345576E-4      4.366051114563578E11     0.7478488193731082       84037.01208967582
6.876460767946577E-4     4.3596912440398157E11    0.7565560959814298       80774.265092157
6.886477462437397E-4     4.3533498749575745E11    0.763458318622073        77683.09254986254
6.896494156928214E-4     4.347026926700557E11     0.7687304899321648       74755.35751479775
6.906510851419032E-4     4.3407223191201355E11    0.772544227478679        71983.13506226326
6.91652754590985E-4      4.334435972531981E11     0.7750746332520662       69359.43579897832
6.926544240400667E-4     4.328167807712702E11     0.7764945702563164       66873.89868948281
6.936560934891487E-4     4.32191774589651E11      0.7769633325448866       64509.487750303466
6.946577629382304E-4     4.31568570877193E11      0.7766177172839848       62243.29392585987
6.956594323873122E-4     4.309471618478522E11     0.775569299681672        60050.43454112803
6.96661101836394E-4      4.3032753976036426E11    0.7739069835985283       57908.13378227383
6.976627712854759E-4     4.297096969179229E11     0.7717020082871454       55798.089401549965
6.986644407345577E-4     4.290936256678613E11     0.7690133446924482       53707.15472011583
6.996661101836394E-4     4.284793184013362E11     0.7658925722180929       51627.185165015464
7.006677796327213E-4     4.2786676755301404E11    0.7623876429390617       49554.494551523596
7.01669449081803E-4      4.2725596560076135E11    0.758544915871547        47488.770721727466
7.026711185308848E-4     4.266469050653362E11     0.7544093306549543       45431.28142127942
7.036727879799667E-4     4.26039578510083E11      0.7500235863393477       43382.75279544051
7.046744574290484E-4     4.254339785406302E11     0.7454279037402675       41341.94121305199
7.056761268781303E-4     4.248300978045895E11     0.7406615537455519       39306.096075347006
7.06677796327212E-4      4.2422792899125916E11    0.7357656390244472       37273.78578966435
7.076794657762938E-4     4.236274648313281E11     0.7307845667005975       35248.86298943619
7.086811352253757E-4     4.2302869809658417E11    0.7257633575556707       33242.639980763124
7.096828046744575E-4     4.224316215996236E11     0.7207408854319152       31271.55335554943
7.106844741235393E-4     4.2183622819356354E11    0.7157433433331275       29350.431225847064
7.11686143572621E-4      4.2124251077175696E11    0.7107834671400671       27484.72618700739
7.12687813021703E-4      4.206504622675099E11     0.7058682493125857       25666.467573780625
7.136894824707847E-4     4.200600756538012E11     0.7010130773661093       23879.66560527097
7.146911519198665E-4     4.194713439430039E11     0.6962514383109356       22122.309107153884
7.156928213689483E-4     4.1888426018661066E11    0.6916160660998855       20440.464980968212
7.1669449081803E-4       4.182988174749592E11     0.6870846692795484       18930.368506268078
7.17696160267112E-4      4.1771500893696204E11    0.6825567619815767       17669.981988746953
7.186978297161937E-4     4.1713282773983734E11    0.6779137458426069       16657.52292481194
7.196994991652755E-4     4.1655226708884247E11    0.6730861280203231       15834.908593869231
7.207011686143573E-4     4.1597332022700946E11    0.668078345184909        15131.257690027514
7.217028380634391E-4     4.153959804348831E11     0.6630051342571581       14460.290089503553
7.22704507512521E-4      4.14820241030261E11      0.6581132552257358       13709.06182911466
7.237061769616027E-4     4.142460953679354E11     0.6535012654874286       12846.83312770225
7.247078464106846E-4     4.1367353683943787E11    0.648785116011041        12037.741055745975
7.257095158597663E-4     4.131025588727858E11     0.6435864265734551       11425.358142978126
7.267111853088481E-4     4.1253315493223065E11    0.6378717173804457       11000.086100083183
7.2771285475793E-4       4.119653185180087E11     0.6317464312910637       10692.628266268557
7.287145242070117E-4     4.1139904316609393E11    0.6253512588429163       10423.364285682717
7.297161936560936E-4     4.108343224479524E11     0.6188814154524112       10105.49800980502
7.307178631051753E-4     4.1027114997029926E11    0.6125576702297276       9666.68090241967
7.317195325542571E-4     4.0970951937485736E11    0.6064846217685002       9095.681059462093
7.32721202003339E-4      4.09149424338118E11      0.600540476958241        8458.364616484136
7.337228714524208E-4     4.0859085857110345E11    0.5944694730723          7847.469626788089
7.347245409015026E-4     4.0803381581913196E11    0.5880585796237235       7321.441798134722
7.357262103505843E-4     4.074782898615838E11     0.5812119541296831       6887.712845963552
7.367278797996662E-4     4.0692427451167004E11    0.573931567430601        6519.751804260098
7.37729549248748E-4      4.063717636162027E11     0.5662789970971726       6179.537501760185
7.387312186978298E-4     4.058207510553672E11     0.5583446958648653       5833.911004976367
7.397328881469116E-4     4.05271230742496E11      0.550220103833127        5464.055355571203
7.407345575959933E-4     4.04723196623845E11      0.5419703251838426       5068.751877580857
7.417362270450752E-4     4.041766426783704E11     0.5336155325510342       4661.763989584511
7.42737896494157E-4      4.036315629175096E11     0.5251301741490066       4264.9305566118655
7.437395659432388E-4     4.030879513849607E11     0.5164591158883054       3900.1548091906175
7.447412353923206E-4     4.0254580215646716E11    0.5075403446924746       3583.608078195011
7.457429048414024E-4     4.020051093396015E11     0.49832320915085593      3324.0395205768655
7.467445742904842E-4     4.0146586707355237E11    0.48877676288005895      3125.1019028695932
7.477462437395659E-4     4.009280695289127E11     0.47888819488944123      2989.848972739594
7.487479131886479E-4     4.003917109074693E11     0.46865392189622396      2924.6381746831007
7.497495826377296E-4     3.9985678544199506E11    0.4580661998931155       2940.2499459282385
7.507512520868114E-4     3.993232873960418E11     0.44709633666386805      3050.495221945519
7.517529215358932E-4     3.987912110637352E11     0.4356693298218512       3272.610076452864
7.527545909849749E-4     3.98260550769572E11      0.4236012504635043       3639.877372970433
7.537562604340569E-4     3.97731300868217E11      0.4103352141878408       4267.434808395708
7.547579298831386E-4     3.972034557443043E11     0.39244650619844884      5999.442337299484
7.557595993322204E-4     3.966770098122377E11     0.3992805576040472       2687.4372330698166
7.567612687813022E-4     3.961519575159938E11     0.37196344961636973      4552.288468205485
7.577629382303839E-4     3.9562829332892706E11    0.3665195219236442       2325.219923442098
7.587646076794659E-4     3.951060117535753E11     0.3602719278887194       2205.4162415532564
7.597662771285476E-4     3.945851073214678E11     0.3463962981917689       3335.4026941435973
7.607679465776294E-4     3.9406557459293396E11    0.332549404759271        4022.4294083086015
7.617696160267112E-4     3.935474081569143E11     0.31896254242054534      4535.410085083454
7.62771285475793E-4      3.930306026307726E11     0.30561030522819055      4955.724728315035
7.637729549248749E-4     3.925151526601092E11     0.2924787051899785       5315.020340404994
7.647746243739566E-4     3.920010529185767E11     0.27953556284294306      5631.659827109607
7.657762938230385E-4     3.914882981076956E11     0.2667073991562845       5920.496523856748
7.667779632721202E-4     3.909768829566732E11     0.25389562595578086      6193.009531171087
7.67779632721202E-4      3.904668022222222E11     0.24102267323772048      6455.28967720169
7.687813021702839E-4     3.899580506883822E11     0.22806909688587185      6708.459234161109
7.697829716193656E-4     3.8945062316634143E11    0.2150775054292767       6951.385768507376
7.707846410684475E-4     3.8894451449426025E11    0.20213334861271778      7183.143362946744
7.717863105175292E-4     3.884397195370971E11     0.18934240648524         7403.964247497422
7.72787979966611E-4      3.8793623318643335E11    0.1768145510135563       7615.085595106076
7.737896494156929E-4     3.8743405036030206E11    0.16465418158219197      7818.254104529959
7.747913188647747E-4     3.8693316600301654E11    0.15295518064827618      8015.316454054765
7.757929883138565E-4     3.8643357508500104E11    0.14179873260806342      8207.993467392482
7.767946577629382E-4     3.8593527260262195E11    0.13125309826186018      8397.784046198862
7.777963272120202E-4     3.85438253578021E11      0.12137475789428978      8585.917260630787
7.787979966611019E-4     3.849425130589496E11     0.11221038106492492      8773.296557248452
7.797996661101837E-4     3.844480461186041E11     0.10379907385976798      8960.417628424235
7.808013355592655E-4     3.839548478554629E11     0.09617440586138615      9147.272561735525
7.818030050083472E-4     3.834629133931241E11     0.08936584754249707      9333.270357963644
7.828046744574292E-4     3.8297223788014496E11    0.08339942560463677      9517.20632335767
7.838063439065109E-4     3.824828164898829E11     0.0782975874037728       9697.302439121955
7.848080133555927E-4     3.819946444203361E11     0.07407841975217637      9871.32256419528
7.858096828046745E-4     3.815077168939877E11     0.07075446844098007      10036.747015906521
7.868113522537563E-4     3.8102202915764905E11    0.06833144323216242      10190.977174690917
7.878130217028381E-4     3.8053757648230554E11    0.0668070725488123       10331.536131318273
7.888146911519199E-4     3.8005435416296295E11    0.06617030739426229      10456.236275204188
7.898163606010018E-4     3.79572357518495E11      0.06640098688222851      10563.295839393566
7.908180300500835E-4     3.790915818914925E11     0.06746999071412957      10651.399292658041
7.918196994991654E-4     3.786120226481129E11     0.06933983429040275      10719.707123230462
7.928213689482471E-4     3.781336751779321E11     0.07196561829391715      10767.82692077672
7.938230383973289E-4     3.77656534893796E11      0.07529622624380176      10795.759680162846
7.948247078464108E-4     3.7718059723167395E11    0.07927566470406412      10803.833974415153
7.958263772954925E-4     3.767058576505139E11     0.08384445373166677      10792.637742075642
7.968280467445744E-4     3.7623231163209717E11    0.08894099296870375      10762.954057134333
7.978297161936561E-4     3.757599546808955E11     0.09450284704153934      10715.704392847934
7.988313856427379E-4     3.75288782323929E11      0.10046791038714883      10651.900710342708
7.998330550918198E-4     3.748187901106241E11     0.10677542558905674      10572.60637485294
8.008347245409015E-4     3.7434997361267456E11    0.11336684085748772      10478.905156718123
8.018363939899834E-4     3.738823284239017E11     0.1201865017310042       10371.877285079097
8.028380634390651E-4     3.7341585016011646E11    0.12718217967877615      10252.581473757367
8.038397328881471E-4     3.729505344589823E11     0.13430544621150312      10122.041904986621
8.048414023372288E-4     3.7248637697987964E11    0.1415119054751224       9981.239265569098
8.058430717863105E-4     3.7202337340377045E11    0.14876130123030767      9831.105041464
8.068447412353924E-4     3.715615194330643E11     0.15601751579249787      9672.518369713125
8.078464106844741E-4     3.7110081079148584E11    0.16324847915129997      9506.30484851599
8.088480801335561E-4     3.7064124322394214E11    0.1704260063872329       9333.236844229115
8.098497495826378E-4     3.7018281249639246E11    0.17752558091554219      9154.035011131995
8.108514190317195E-4     3.697255143957175E11     0.18452610022655036      8969.371030013393
8.118530884808014E-4     3.6926934472959076E11    0.19140959977745087      8779.871923434714
8.128547579298831E-4     3.6881429932635034E11    0.1981609695386707       8586.126701461437
8.138564273789651E-4     3.683603740348717E11     0.20476767635007875      8388.696470659868
8.148580968280468E-4     3.6790756472444165E11    0.21121950361222508      8188.129283396012
8.158597662771285E-4     3.6745586728463275E11    0.2175083178742895       7984.980817875987
8.168614357262104E-4     3.670052776251788E11     0.22362786957689382      7779.841144751897
8.178631051752921E-4     3.6655579167585223E11    0.22957363254761434      7573.366255753169
8.188647746243741E-4     3.661074053863404E11     0.2353426836636405       7366.310514785217
8.198664440734558E-4     3.65660114726125E11      0.24093361997843468      7159.552904109129
8.208681135225377E-4     3.6521391568436035E11    0.24634650493967544      6954.106388988681
8.218697829716194E-4     3.647688042697542E11     0.2515828277264645       6751.097156028247
8.228714524207011E-4     3.6432477651044836E11    0.2566454508709267       6551.70100251207
8.238731218697831E-4     3.638818284539007E11     0.26153851388874844      6357.03040435938
8.248747913188648E-4     3.634399561667679E11     0.2662672595598441       6167.9795020234715
8.258764607679467E-4     3.629991557347887E11     0.27083776034893337      5985.053976648167
8.268781302170284E-4     3.6255942326266907E11    0.2752565474939724       5808.231916118513
8.278797996661101E-4     3.6212075487396655E11    0.279530179028123        5636.909890344475
8.288814691151921E-4     3.616831467109768E11     0.283664811521373        5469.97727987986
8.298831385642738E-4     3.612465949346208E11     0.2876658477713805       5306.033306177865
8.308848080133557E-4     3.6081109572433185E11    0.291537712177004        5143.729245565138
8.318864774624374E-4     3.60376645277945E11      0.29528376582731125      4982.201782144343
8.328881469115194E-4     3.5994323981158545E11    0.29890633411203593      4821.573219085958
8.338898163606011E-4     3.595108755595595E11     0.3024067988132788       4663.5266315001645
8.348914858096828E-4     3.590795487742452E11     0.30578571016277506      4512.003534687551
8.358931552587647E-4     3.586492557259836E11     0.30904289586059536      4374.09644636433
8.368948247078464E-4     3.582199927029723E11     0.3121775715778653       4261.188493273919
8.378964941569284E-4     3.5779175601115753E11    0.3151884805978776       4190.278337771105
8.388981636060101E-4     3.5736454197412933E11    0.3180741030690423       4185.16329727508
8.398998330550918E-4     3.569383469330153E11     0.32083297555602397      4276.769452634716
8.409015025041737E-4     3.565131672463768E11     0.323464148195475        4501.7894485345705
8.419031719532554E-4     3.560889992901051E11     0.32596777819153394      4899.707379233998
8.429048414023373E-4     3.5566583945731824E11    0.3283458111770962       5510.394727988903
8.439065108514191E-4     3.5524368415825916E11    0.33060262912490307      6375.691739430364
8.44908180300501E-4      3.548225298201936E11     0.33274542926046835      7546.778426858706
8.459098497495827E-4     3.5440237288731E11       0.33478390058049384      9097.19279704896
8.469115191986644E-4     3.53983209820619E11      0.3367283545148977       11143.005116762142
8.479131886477463E-4     3.535650370978539E11     0.33858441396855454      13877.812658780134
8.489148580968281E-4     3.531478512133726E11     0.340339077862902        17643.803017917377
8.4991652754591E-4       3.5273164867805927E11    0.3419206451851198       23098.6139159757
8.509181969949917E-4     3.52316426019227E11      0.34305765315165626      31677.214167346632
8.519198664440734E-4     3.519021797805213E11     0.3425998156807829       47200.57389783534
8.529215358931553E-4     3.514889065218242E11     0.33309687112215847      83824.27458431183
8.539232053422371E-4     3.510766028191593E11     0.23382647770503992      197928.0436279893
8.54924874791319E-4      3.5066526526459674E11    0.30779537732932977      97447.21683187998
8.559265442404007E-4     3.5025489046615955E11    0.33823860872769296      37798.53381123863
8.569282136894826E-4     3.498454750477303E11     0.3429609360425682       6518.695230554981
8.579298831385643E-4     3.4943701564895886E11    0.31473762702478886      56074.304074858635
8.589315525876461E-4     3.490295089251701E11     0.30550783913984303      71579.23603825735
8.59933222036728E-4      3.486229515472723E11     0.3261083855852839       49352.58523177345
8.609348914858097E-4     3.482173402016676E11     0.332178697471609        37139.41955421313
8.619365609348916E-4     3.478126715901607E11     0.33351202503537175      29420.38452017896
8.629382303839733E-4     3.4740894242987036E11    0.3329011718167566       23761.559834467236
8.639398998330551E-4     3.4700614945314014E11    0.331349828836223        19493.295238476563
8.64941569282137E-4      3.466042894074503E11     0.32924393676536595      17727.740900032473
8.659432387312187E-4     3.462033590553306E11     0.3268636696423461       21724.935799945863
8.669449081803006E-4     3.45803355174273E11      0.3262725350361156       28520.782560211115
8.679465776293823E-4     3.454042745566455E11     0.32888717513653376      30053.42750439849
8.689482470784643E-4     3.450061140096061E11     0.3322820796016426       28580.18076981569
8.69949916527546E-4      3.446088703550182E11     0.3352985864947708       27084.814417649945
8.709515859766277E-4     3.4421254042936554E11    0.33705908376926463      26095.634505749185
8.719532554257096E-4     3.438171210836684E11     0.3358141308392648       25386.386203733153
8.729549248747913E-4     3.4342260918340027E11    0.3289308688779916       24458.21174919383
8.739565943238733E-4     3.430290016084049E11     0.3144448351858394       22605.113316425595
8.74958263772955E-4      3.4263629525281433E11    0.2949480268120376       19175.744747456476
8.759599332220367E-4     3.422444870249666E11     0.27885373779901906      14142.109652534835
8.769616026711186E-4     3.4185357384732526E11    0.2729075148936889       8249.766799375819
8.779632721202003E-4     3.4146355265639856E11    0.27637073998799094      3038.8480537777564
8.789649415692823E-4     3.4107442040265906E11    0.28472554881495926      5385.9950266573205
8.79966611018364E-4      3.4068617405046484E11    0.2941985894123479       10762.91436600405
8.809682804674459E-4     3.4029881057797986E11    0.30294551562069816      15732.389069592153
8.819699499165276E-4     3.399123269770963E11     0.3105983843362309       19964.657637642365
8.829716193656093E-4     3.39526720253356E11      0.31745506374992927      23467.43414278001
8.839732888146913E-4     3.391419874258734E11     0.32389011211645985      26393.377623660657
8.84974958263773E-4      3.3875812552725903E11    0.3301458652957223       28929.489184330836
8.859766277128549E-4     3.383751316035425E11     0.33634129262236         31238.22515689244
8.869782971619366E-4     3.379930027140975E11     0.34252778406141876      33442.42985773816
8.879799666110183E-4     3.376117359315661E11     0.34872833239808587      35630.24883401024
8.889816360601003E-4     3.37231328341784E11      0.3549557586302994       37864.53359496157
8.89983305509182E-4      3.368517770437066E11     0.36121853509546076      40190.852431050305
8.909849749582639E-4     3.364730791493348E11     0.36752080700567685      42642.911219522015
8.919866444073456E-4     3.3609523178364215E11    0.3738599597416482       45245.7016152708
8.929883138564276E-4     3.357182320845017E11     0.3802231634538909       48016.94995316169
8.939899833055093E-4     3.353420772026144E11     0.38658348948032806      50967.34703565537
8.94991652754591E-4      3.3496676430143634E11    0.39289592310038407      54099.90963641915
8.959933222036729E-4     3.345922905571082E11     0.39909357579239263      57408.736518804595
8.969949916527546E-4     3.3421865315838446E11    0.4050844662236457       60877.375297892126
8.979966611018365E-4     3.338458493065625E11     0.41074932914435575      64476.99782911826
8.989983305509183E-4     3.3347387621541315E11    0.4159410376993436       68164.58645116359
9.0E-4                   3.331027311111111E11     0.4204864581375353       71881.38075758785
